type,wx,wy,d1,d2,d3,d4,E_reward,roberto_reward,marvin_reward,reward
exploit,10.135,18.400,2.999,11.548,0.430,0.894,-0.4999999701976776,-30.021,-50.417,-80.438
exploit,10.985,18.050,2.179,10.758,0.700,0.850,-0.4999999701976776,-152.578,-54.28,-206.858
explore,11.535,18.250,1.787,10.214,0.500,1.050,-0.5272118449211121,-1017,-1017,-2034
exploit,15.435,18.300,2.178,6.232,0.450,1.100,-0.4999999701976776,-1016.11,-1016.11,-2032.22
exploit,10.585,17.650,2.623,11.097,1.100,0.450,0.9029622077941895,-1020.02,-1020.02,-2040.04
exploit,17.135,17.650,3.955,4.615,1.105,0.450,-0.5004075169563293,-134.245,-35.245,-169.49
exploit,9.385,18.350,3.938,12.335,0.412,1.150,-0.17686855792999268,-27.406,-53.506,-80.912
exploit,9.335,18.250,3.892,12.405,0.502,1.050,-0.21612581610679626,-1020.82,-1020.82,-2041.64
exploit,13.485,17.650,0.306,8.164,1.100,0.450,-0.5001539587974548,-1015.92,-1015.92,-2031.84
exploit,13.685,17.650,0.478,8.016,1.100,0.450,-0.5003089308738708,-1013.75,-1013.75,-2027.5
exploit,16.385,18.350,3.409,5.096,0.400,1.150,-5.346276760101318,-26.786,-29.175,-55.961
explore,12.085,18.150,1.177,9.560,0.600,0.950,-168.71652221679688,-1015.65,-1015.65,-2031.3
exploit,16.385,17.600,3.100,5.482,1.150,0.400,-9.730613708496094,-1013.8,-1013.8,-2027.6
exploit,16.235,17.600,2.882,5.416,1.150,0.400,-11.58073616027832,-30.202,-33.804,-64.006
exploit,17.335,18.400,3.931,4.390,0.461,0.850,-20.531116485595703,-131.885,-33.794,-165.679
exploit,17.035,18.350,3.671,4.673,0.400,1.150,-18.054065704345703,-137.003,-139.721,-276.724
exploit,14.885,17.650,1.478,6.971,1.100,0.450,-24.00515365600586,-1012.11,-1012.11,-2024.22
exploit,14.335,18.350,1.144,7.429,0.400,1.150,-23.095355987548828,-26.104,-36.706,-62.81
explore,11.585,17.600,1.508,10.026,1.150,0.400,-230.02952575683594,-29.935,-48.733,-78.668
exploit,9.885,17.600,3.527,12.014,1.254,0.400,-81.32698059082031,-29.565,-58.267,-87.832
exploit,16.535,18.350,3.442,5.219,0.400,1.150,-82.62661743164062,-134.5,-139.401,-273.901
exploit,14.135,18.350,1.023,7.492,0.400,1.150,-64.9178695678711,-26.002,-37.004,-63.006
explore,10.785,17.600,2.481,11.005,1.150,0.400,-924.6785278320312,-1022.07,-1022.07,-2044.14
exploit,14.185,18.300,1.083,7.546,0.450,1.100,-86.52954864501953,-1012.93,-1012.93,-2025.85
explore,12.235,17.700,0.700,7.623,1.050,0.500,-794.0393676757812,-1020.71,-1020.71,-2041.42
explore,12.235,18.250,1.092,9.373,0.500,1.050,-888.6036987304688,-1015.66,-1015.66,-2031.32
exploit,10.685,18.300,2.606,11.013,0.450,1.100,-126.44385528564453,-1022.69,-1022.69,-2045.39
exploit,10.185,18.400,3.030,11.523,0.403,0.939,-85.78500366210938,-25.428,-47.827,-73.255
explore,11.335,17.900,1.821,10.385,0.850,0.700,-500.694580078125,-152.656,-170.448,-323.104
exploit,10.085,18.450,3.513,11.671,0.424,0.828,-69.31047058105469,-28.18,-50.68,-78.86
exploit,9.935,18.750,3.449,11.832,0.403,0.602,-89.09037780761719,-148.362,-48.472,-196.834
exploit,10.085,18.500,3.233,11.645,0.391,0.808,-41.47636413574219,-24.648,-61.768,-86.416
explore,13.935,17.600,0.811,7.846,1.150,0.400,-1319.849365234375,-29.384,-39.787,-69.171
exploit,9.785,17.600,3.491,11.975,1.254,0.400,-83.56137084960938,-1023.5,-1023.5,-2047
exploit,11.635,17.600,1.604,10.140,1.150,0.400,-105.0005874633789,-29.549,-46.543,-76.092
exploit,9.935,18.800,3.386,11.563,0.400,0.600,-91.35835266113281,-1012.92,-1012.92,-2025.84
exploit,10.135,18.450,3.094,11.637,0.391,0.873,-101.23393249511719,-27.554,-48.356,-75.91
exploit,17.085,18.000,3.920,4.631,0.752,0.800,-143.81158447265625,-133.312,-144.114,-277.426
exploit,11.435,17.600,1.691,10.223,1.150,0.400,-91.26905822753906,-1018.68,-1018.68,-2037.36
exploit,11.435,17.600,1.675,10.191,1.150,0.400,-91.74885559082031,-28.283,-50.785,-79.068
exploit,17.135,17.600,3.940,4.653,1.154,0.400,-131.01165771484375,-1013.13,-1013.13,-2026.26
exploit,16.985,17.650,3.938,4.557,1.100,0.450,-128.3305206298828,-1015.3,-1015.3,-2030.59
exploit,17.085,18.300,3.955,4.506,0.453,1.100,-129.06900024414062,-134.053,-36.039,-170.092
exploit,17.085,18.350,3.799,4.442,0.403,1.150,-108.55302429199219,-134.567,-35.197,-169.764
exploit,16.635,18.350,3.420,5.113,0.400,1.150,-147.06710815429688,-131.647,-34.847,-166.494
explore,12.885,18.250,0.542,8.769,0.500,1.050,-328.78948974609375,-1015.91,-1015.91,-2031.83
exploit,16.335,18.300,3.191,5.384,0.450,1.100,-169.82589721679688,-131.768,-35.469,-167.237
exploit,17.085,18.350,3.828,4.653,0.403,1.150,-148.5096893310547,-136.054,-140.463,-276.517
exploit,16.985,18.300,3.936,4.599,0.450,1.100,-149.64996337890625,-135.221,-137.623,-272.844
explore,16.735,17.600,3.688,4.764,1.150,0.400,-978.2566528320312,-1013.51,-1013.51,-2027.03
explore,10.535,17.700,2.744,11.233,1.050,0.500,-1287.013427734375,-1021.97,-1021.97,-2043.93
exploit,10.235,18.200,3.206,11.749,0.570,1.000,-127.0360107421875,-1020.68,-1020.68,-2041.36
exploit,16.385,18.350,3.258,5.318,0.400,1.150,-140.41244506835938,-134.107,-34.499,-168.606
explore,10.635,18.250,2.532,10.961,0.500,1.050,-990.24560546875,-1018.84,-1018.84,-2037.69
exploit,16.635,18.350,3.243,5.138,0.400,1.150,-143.35467529296875,-134.15,-138.149,-272.299
exploit,16.385,18.350,3.142,5.314,0.400,1.150,-138.2810516357422,-135.359,-137.94,-273.299
exploit,16.935,18.350,3.964,4.385,0.400,1.150,-135.04266357421875,-132.52,-35.153,-167.673
explore,14.435,17.700,1.284,7.192,1.050,0.500,-1021.9525756835938,-1012.68,-1012.68,-2025.36
exploit,15.385,17.600,2.378,6.169,1.150,0.400,-184.92115783691406,-1013.35,-1013.35,-2026.69
exploit,16.535,18.350,3.033,5.291,0.400,1.150,-177.67031860351562,-32.215,-39.015,-71.23
exploit,16.935,18.350,3.764,4.866,0.400,1.150,-193.904052734375,-132.776,-35.977,-168.753
exploit,16.235,18.350,2.983,5.483,0.400,1.150,-178.6121368408203,-28.976,-37.876,-66.852
explore,14.135,17.850,0.808,7.768,0.900,0.650,-1160.3359375,-37.401,-137.304,-174.705
exploit,16.335,18.350,3.221,5.307,0.400,1.150,-157.90948486328125,-131.66,-34.063,-165.723
explore,11.535,18.250,1.645,10.061,0.500,1.050,-1131.3880615234375,-1018.4,-1018.4,-2036.81
exploit,16.435,18.300,3.229,5.307,0.450,1.100,-184.96035766601562,-29.443,-34.145,-63.588
explore,12.685,18.200,0.598,9.004,0.550,1.000,-1198.796142578125,-1014.8,-1014.8,-2029.61
exploit,16.185,18.300,3.006,5.518,0.450,1.100,-168.13485717773438,-30.812,-35.419,-66.231
exploit,16.135,18.350,3.225,5.374,0.400,1.150,-143.27059936523438,-31.752,-36.957,-68.709
explore,15.935,18.100,3.067,5.489,0.650,0.900,-302.234619140625,-1014.33,-1014.33,-2028.66
explore,14.385,17.700,1.455,7.052,1.050,0.500,-1369.8385009765625,-1013.59,-1013.59,-2027.19
exploit,16.535,18.350,3.254,5.282,0.400,1.150,-172.84701538085938,-31.58,-38.379,-69.959
exploit,16.285,18.350,3.110,5.473,0.400,1.150,-221.45751953125,-132.84,-32.439,-165.279
explore,9.435,18.300,3.733,12.270,0.474,1.100,-753.4798583984375,-1021.94,-1021.94,-2043.87
exploit,17.185,18.300,3.921,4.602,0.474,1.100,-197.20022583007812,-133.563,-34.863,-168.426
exploit,16.685,18.350,3.518,5.049,0.400,1.150,-159.13453674316406,-131.115,-34.91,-166.025
exploit,16.535,18.350,3.160,4.947,0.400,1.150,-116.1361083984375,-134.995,-38.004,-172.999
exploit,16.935,18.350,3.865,4.777,0.400,1.150,-177.33743286132812,-132.302,-38.003,-170.305
exploit,16.785,18.350,3.738,4.877,0.400,1.150,-179.56344604492188,-136.21,-140.409,-276.619
exploit,16.735,18.350,3.627,4.927,0.400,1.150,-176.38160705566406,-133.605,-140.21,-273.815
exploit,16.385,18.350,3.199,5.334,0.400,1.150,-173.43048095703125,-28.84,-34.24,-63.08
exploit,16.985,18.350,3.823,4.695,0.400,1.150,-200.3787078857422,-135.315,-139.012,-274.327
exploit,12.035,17.600,1.249,9.745,1.150,0.400,-237.32290649414062,-1019.55,-1019.55,-2039.1
exploit,16.685,18.350,3.474,5.138,0.400,1.150,-166.90286254882812,-133.676,-141.377,-275.053
explore,13.385,17.900,0.237,8.038,0.850,0.700,-1085.9976806640625,-1011.74,-1011.74,-2023.48
exploit,17.035,18.350,3.735,4.805,0.400,1.150,-219.40196228027344,-131.236,-32.236,-163.472
exploit,16.535,18.350,3.293,5.285,0.400,1.150,-164.79815673828125,-131.434,-32.834,-164.268
exploit,16.735,18.350,3.515,5.018,0.400,1.150,-191.38189697265625,-132.344,-33.268,-165.612
exploit,16.835,18.350,3.607,4.928,0.400,1.150,-206.6392822265625,-132.811,-37.312,-170.123
exploit,16.685,18.350,3.468,5.102,0.400,1.150,-176.84475708007812,-130.851,-36.253,-167.104
exploit,17.085,18.350,3.985,4.684,0.403,1.150,-173.15872192382812,-133.022,-35.122,-168.144
exploit,16.435,18.350,3.127,5.188,0.400,1.150,-146.19725036621094,-132.321,-36.322,-168.643
explore,15.085,18.350,1.976,6.614,0.400,1.150,-723.2798461914062,-27.489,-38.289,-65.778
exploit,16.685,18.350,3.366,5.187,0.400,1.150,-164.20205688476562,-134.617,-139.493,-274.11
exploit,14.885,18.350,1.835,6.848,0.400,1.150,-193.02230834960938,-1012.67,-1012.67,-2025.34
exploit,17.035,18.300,3.824,4.724,0.450,1.100,-225.5640411376953,-133.247,-32.754,-166.001
explore,13.685,17.900,0.504,8.069,0.850,0.700,-1346.942626953125,-144.048,-164.152,-308.2
exploit,16.735,18.350,3.474,5.112,0.400,1.150,-179.78036499023438,-131.444,-34.543,-165.987
exploit,17.185,18.300,3.901,4.594,0.474,1.100,-200.51531982421875,-133.241,-140.739,-273.98
exploit,16.735,18.350,3.293,5.090,0.400,1.150,-164.4356689453125,-31.156,-35.252,-66.408
exploit,16.485,18.350,3.293,5.273,0.400,1.150,-168.70994567871094,-29.019,-34.931,-63.95
explore,12.535,17.950,0.646,9.126,0.800,0.750,-1201.768310546875,-1021.67,-1021.67,-2043.35
exploit,16.585,18.350,3.287,5.167,0.400,1.150,-154.64389038085938,-131.58,-34.78,-166.36
exploit,16.385,18.350,3.246,5.345,0.400,1.150,-166.536865234375,-31.511,-38.614,-70.125
exploit,16.785,18.350,3.592,5.026,0.400,1.150,-186.6534881591797,-133.41,-138.402,-271.812
exploit,16.685,18.350,3.358,5.130,0.400,1.150,-159.01983642578125,-32.131,-34.129,-66.26
exploit,16.585,18.350,3.498,5.173,0.400,1.150,-169.402587890625,-28.331,-35.043,-63.374
exploit,16.585,18.350,3.428,5.235,0.400,1.150,-157.87294006347656,-132.181,-35.381,-167.562
explore,11.835,17.750,1.109,9.682,1.000,0.550,-1249.236328125,-148.458,-166.76,-315.218
explore,16.135,18.000,2.872,5.624,0.750,0.800,-959.4779052734375,-134.946,-137.846,-272.792
explore,16.885,17.950,3.635,4.922,0.800,0.750,-791.8521728515625,-133.953,-140.869,-274.822
exploit,16.235,18.300,3.144,5.327,0.450,1.100,-247.54876708984375,-1015.04,-1015.04,-2030.08
explore,14.285,18.050,0.989,7.594,0.700,0.850,-736.11572265625,-139.517,-156.716,-296.233
exploit,16.935,18.300,3.739,4.805,0.450,1.100,-204.15931701660156,-134.652,-140.955,-275.607
explore,15.685,17.750,2.402,6.147,1.000,0.550,-1084.498779296875,-1014.92,-1014.92,-2029.85
explore,9.735,17.950,3.545,12.074,0.918,0.750,-1035.4393310546875,-156.764,-61.164,-217.928
exploit,16.835,18.300,3.666,4.982,0.450,1.100,-195.24285888671875,-132.389,-36.395,-168.784
explore,16.135,17.600,2.969,5.517,1.150,0.400,-851.6017456054688,-1013.53,-1013.53,-2027.05
explore,15.085,17.850,1.945,6.556,0.900,0.650,-1193.18994140625,-1010.45,-1010.45,-2020.9
exploit,16.685,18.350,3.604,5.058,0.400,1.150,-156.86849975585938,-132.406,-33.707,-166.113
exploit,16.885,18.350,3.580,4.953,0.400,1.150,-169.9945831298828,-34.39,-35.48,-69.87
exploit,16.835,18.250,3.781,4.688,0.500,1.050,-228.9042205810547,-133.537,-33.536,-167.073
explore,15.985,17.950,2.752,5.627,0.800,0.750,-903.8482666015625,-1014.45,-1014.45,-2028.91
explore,14.285,17.850,1.057,7.428,0.900,0.650,-983.6442260742188,-1013.72,-1013.72,-2027.43
exploit,16.935,18.200,3.748,4.700,0.550,1.000,-248.2931365966797,-131.805,-34.304,-166.109
explore,14.485,18.350,1.133,7.204,0.400,1.150,-595.4478759765625,-25.706,-36.501,-62.207
exploit,16.885,18.350,3.733,4.777,0.400,1.150,-188.48028564453125,-134.458,-140.256,-274.714
exploit,9.185,17.600,4.033,12.580,1.150,0.400,-185.64183044433594,-27.449,-51.948,-79.397
exploit,16.385,18.350,3.324,5.340,0.400,1.150,-197.21286010742188,-131.928,-33.028,-164.956
explore,12.085,18.300,1.214,9.687,0.450,1.100,-1409.482177734375,-26.114,-46.215,-72.329
exploit,16.685,18.300,3.719,4.860,0.450,1.100,-197.1413116455078,-133.214,-33.636,-166.85
exploit,16.635,18.350,3.366,5.122,0.400,1.150,-176.89312744140625,-132.205,-33.403,-165.608
exploit,17.185,18.350,3.912,4.606,0.427,1.150,-195.499755859375,-133.6,-146.201,-279.801
exploit,16.635,18.350,3.526,5.144,0.400,1.150,-151.75167846679688,-28.259,-31.659,-59.918
exploit,16.685,18.350,3.484,5.071,0.400,1.150,-160.61166381835938,-132.126,-34.73,-166.856
explore,14.285,18.300,1.060,7.513,0.450,1.100,-514.12890625,-28.935,-38.238,-67.173
exploit,16.835,18.350,3.744,4.841,0.400,1.150,-186.13771057128906,-136.542,-140.841,-277.383
exploit,9.235,17.600,4.009,12.517,1.150,0.400,-163.37356567382812,-1023.78,-1023.78,-2047.56
exploit,16.735,18.350,3.643,4.970,0.400,1.150,-165.71087646484375,-136.143,-139.242,-275.385
explore,13.835,17.850,0.769,7.795,0.900,0.650,-799.093994140625,-1014.01,-1014.01,-2028.03
exploit,16.935,18.200,3.769,4.868,0.550,1.000,-239.91017150878906,-134.162,-145.561,-279.723
exploit,16.985,18.250,3.982,4.300,0.500,1.050,-154.09429931640625,-134.332,-38.234,-172.566
exploit,16.985,18.350,3.748,4.885,0.400,1.150,-189.55654907226562,-133.782,-34.899,-168.681
explore,12.035,17.950,1.096,9.684,0.800,0.750,-1072.659912109375,-152.072,-200,-352.072
exploit,16.535,18.350,3.405,5.059,0.400,1.150,-169.49566650390625,-134.018,-34.918,-168.936
exploit,16.485,18.350,3.306,5.147,0.400,1.150,-187.32135009765625,-28.132,-32.529,-60.661
explore,12.435,17.750,0.752,9.327,1.000,0.550,-928.5878295898438,-26.073,-42.877,-68.95
exploit,16.785,18.350,3.559,5.065,0.400,1.150,-156.18231201171875,-131.653,-30.952,-162.605
exploit,16.885,18.300,3.938,4.353,0.450,1.100,-166.5240478515625,-134.315,-38.433,-172.748
exploit,16.985,18.300,3.733,4.813,0.450,1.100,-208.81854248046875,-131.289,-34.589,-165.878
exploit,17.185,18.350,3.960,4.468,0.427,1.150,-185.5066680908203,-134.826,-141.426,-276.252
explore,9.285,18.200,3.924,12.505,0.550,1.000,-1002.8563232421875,-1022.35,-1022.35,-2044.69
exploit,16.785,18.300,3.540,4.994,0.450,1.100,-198.32861328125,-32.14,-34.541,-66.681
explore,12.985,17.950,0.329,8.817,0.800,0.750,-1215.787109375,-1016.53,-1016.53,-2033.07
exploit,16.585,18.350,3.693,4.941,0.400,1.150,-172.11041259765625,-1008.89,-1008.89,-2017.77
exploit,16.785,18.350,3.519,5.046,0.400,1.150,-154.268310546875,-132.107,-34.997,-167.104
exploit,17.135,18.250,3.878,4.725,0.510,1.050,-253.5262451171875,-134.771,-138.373,-273.144
exploit,16.735,18.350,3.302,5.056,0.400,1.150,-168.782958984375,-33.006,-37.708,-70.714
exploit,16.985,18.200,3.962,4.596,0.550,1.000,-231.40640258789062,-133.945,-36.137,-170.082
exploit,16.535,18.350,3.495,5.109,0.400,1.150,-190.9229736328125,-133.373,-34.982,-168.355
explore,11.385,17.950,1.826,10.346,0.800,0.750,-725.6552734375,-149.841,-166.641,-316.482
exploit,17.035,18.200,3.847,4.598,0.550,1.000,-235.88302612304688,-131.835,-36.036,-167.871
exploit,16.435,18.350,3.431,5.113,0.400,1.150,-180.472412109375,-132.21,-34.808,-167.018
exploit,17.335,18.400,3.976,4.205,0.461,0.850,-129.39227294921875,-134.57,-142.772,-277.342
exploit,16.585,18.300,3.351,5.202,0.450,1.100,-252.5181884765625,-131.718,-34.825,-166.543
exploit,16.585,18.350,3.297,5.166,0.400,1.150,-178.18017578125,-136.078,-139.888,-275.966
exploit,17.135,18.350,3.872,4.614,0.412,1.150,-233.08465576171875,-131.385,-35.185,-166.57
exploit,16.585,18.350,3.514,5.062,0.400,1.150,-196.570556640625,-134.248,-138.247,-272.495
exploit,16.535,18.350,3.319,5.273,0.400,1.150,-187.78857421875,-134.839,-138.541,-273.38
exploit,16.485,18.350,3.338,5.258,0.400,1.150,-185.787353515625,-27.503,-32.701,-60.204
exploit,16.335,18.350,3.140,5.493,0.400,1.150,-256.24713134765625,-1017.07,-1017.07,-2034.13
exploit,16.385,18.350,3.254,5.314,0.400,1.150,-201.922607421875,-136.099,-139.292,-275.391
exploit,16.635,18.350,3.462,5.205,0.400,1.150,-200.238037109375,-33.616,-37.728,-71.344
explore,16.035,17.650,2.911,5.636,1.100,0.450,-1299.3201904296875,-1015.22,-1015.22,-2030.43
exploit,16.885,18.300,3.693,4.803,0.450,1.100,-240.748291015625,-131.438,-33.126,-164.564
exploit,16.635,18.350,3.376,5.230,0.400,1.150,-205.4761962890625,-130.866,-33.681,-164.547
exploit,16.685,18.300,3.562,5.021,0.450,1.100,-214.678466796875,-133.843,-35.344,-169.187
exploit,16.835,18.250,3.613,5.024,0.500,1.050,-245.5804443359375,-132.755,-33.152,-165.907
exploit,16.885,18.250,3.625,4.882,0.500,1.050,-231.9091796875,-132.789,-34.691,-167.48
exploit,16.585,18.300,3.572,5.057,0.450,1.100,-214.061767578125,-133.042,-33.935,-166.977
exploit,16.685,18.300,3.510,5.087,0.450,1.100,-206.6746826171875,-136.332,-139.329,-275.661
exploit,16.835,18.200,3.663,4.840,0.550,1.000,-242.7747802734375,-135.365,-140.174,-275.539
exploit,17.135,18.350,3.920,4.595,0.412,1.150,-227.2760009765625,-133.046,-142.954,-276
exploit,16.685,18.250,3.470,5.002,0.500,1.050,-216.9918212890625,-30.796,-35.597,-66.393
exploit,16.885,18.350,3.710,4.873,0.400,1.150,-245.296630859375,-132.92,-37.61,-170.53
exploit,16.735,18.300,3.575,5.015,0.450,1.100,-206.3067626953125,-132.905,-34.909,-167.814
exploit,16.935,18.300,3.609,4.970,0.450,1.100,-211.5484619140625,-136.392,-137.704,-274.096
exploit,16.735,18.350,3.407,4.932,0.400,1.150,-128.8348388671875,-132.288,-33.69,-165.978
exploit,16.935,18.250,3.658,4.859,0.500,1.050,-226.5081787109375,-133.6,-34.8,-168.4
exploit,17.235,18.250,3.955,4.457,0.539,1.050,-193.6068115234375,-133.827,-139.231,-273.058
exploit,17.185,18.300,3.882,4.762,0.474,1.100,-252.1297607421875,-132.722,-34.336,-167.058
exploit,16.685,18.350,3.570,5.027,0.400,1.150,-191.150146484375,-133.416,-36.207,-169.623
exploit,16.985,18.350,3.696,4.955,0.400,1.150,-233.070556640625,-133.669,-139.163,-272.832
exploit,16.585,18.250,3.598,4.904,0.500,1.050,-212.740966796875,-134.014,-35.121,-169.135
explore,12.435,18.100,0.637,9.060,0.650,0.900,-1705.05517578125,-1014.48,-1014.48,-2028.95
exploit,16.735,18.350,3.513,4.990,0.400,1.150,-171.0347900390625,-132.346,-33.745,-166.091
explore,9.835,18.900,3.446,11.832,0.500,0.500,-613.6805419921875,-1014.13,-1014.13,-2028.26
exploit,16.635,18.350,3.522,5.160,0.400,1.150,-187.919677734375,-133.854,-33.855,-167.709
explore,10.885,18.150,2.398,10.820,0.600,0.950,-1146.1707763671875,-1019.1,-1019.1,-2038.19
explore,15.435,18.150,2.032,6.375,0.600,0.950,-1297.9718017578125,-1012.62,-1012.62,-2025.24
exploit,16.585,18.350,3.476,5.058,0.400,1.150,-165.59130859375,-133.372,-33.175,-166.547
exploit,16.535,18.350,3.379,5.216,0.400,1.150,-197.3983154296875,-135.164,-138.365,-273.529
exploit,16.535,18.350,3.624,5.059,0.400,1.150,-205.69580078125,-31.394,-34.392,-65.786
exploit,16.785,18.300,3.508,5.059,0.450,1.100,-196.015869140625,-135.014,-138.524,-273.538
explore,16.385,17.700,3.134,5.397,1.050,0.500,-1309.242431640625,-1014.41,-1014.41,-2028.82
exploit,16.935,18.200,3.723,4.775,0.550,1.000,-240.75701904296875,-133.329,-35.729,-169.058
exploit,16.685,18.300,3.649,4.939,0.450,1.100,-217.3267822265625,-133.736,-34.929,-168.665
exploit,16.635,18.300,3.535,5.106,0.450,1.100,-209.75927734375,-1014.05,-1014.05,-2028.1
exploit,16.685,18.350,3.371,5.165,0.400,1.150,-180.14453125,-130.812,-32.109,-162.921
exploit,16.985,18.200,3.822,4.802,0.550,1.000,-263.6051025390625,-135.996,-150.502,-286.498
exploit,17.035,18.350,3.899,4.707,0.400,1.150,-248.059326171875,-133.744,-142.844,-276.588
exploit,17.035,18.300,3.590,4.732,0.450,1.100,-175.4478759765625,-132.881,-36.88,-169.761
exploit,16.835,18.250,3.971,4.661,0.500,1.050,-227.521728515625,-136.109,-141.201,-277.31
exploit,16.435,18.350,3.368,5.224,0.400,1.150,-228.97119140625,-134.434,-137.748,-272.182
exploit,16.585,18.350,3.361,5.149,0.400,1.150,-191.848388671875,-132.337,-37.841,-170.178
explore,15.035,17.750,1.735,6.847,1.000,0.550,-1552.455322265625,-1012.28,-1012.28,-2024.57
exploit,16.635,18.300,3.381,4.912,0.450,1.100,-144.44189453125,-131.726,-32.831,-164.557
exploit,16.435,18.350,3.541,5.023,0.400,1.150,-203.0419921875,-133.825,-35.224,-169.049
exploit,16.785,18.350,3.517,5.057,0.400,1.150,-202.272216796875,-133.282,-35.181,-168.463
exploit,17.085,18.250,3.941,4.627,0.502,1.050,-225.72882080078125,-134.534,-141.541,-276.075
explore,12.785,17.900,0.405,8.954,0.850,0.700,-1455.1204833984375,-1013.21,-1013.21,-2026.42
exploit,16.985,18.300,3.744,4.760,0.450,1.100,-233.327392578125,-131.433,-31.931,-163.364
exploit,16.485,18.350,3.664,4.901,0.400,1.150,-230.960205078125,-133.804,-33.203,-167.007
exploit,16.885,18.350,3.718,4.871,0.400,1.150,-245.0843505859375,-134.253,-33.454,-167.707
exploit,16.685,18.350,3.511,5.078,0.400,1.150,-203.0859375,-133.03,-33.707,-166.737
explore,11.735,17.850,1.564,10.097,0.900,0.650,-704.324462890625,-148.046,-49.744,-197.79
exploit,17.085,18.250,3.841,4.605,0.502,1.050,-216.481201171875,-136.111,-141.313,-277.424
exploit,17.235,18.250,3.961,4.534,0.539,1.050,-211.95721435546875,-135.03,-141.93,-276.96
exploit,17.085,18.300,3.855,4.691,0.453,1.100,-237.1458740234375,-133.228,-34.334,-167.562
exploit,17.335,18.250,3.954,4.634,0.583,0.986,-250.7049560546875,-1014.32,-1014.32,-2028.63
exploit,17.035,18.200,3.781,4.828,0.550,1.000,-271.098388671875,-134.729,-143.131,-277.86
exploit,16.535,18.350,3.403,5.199,0.400,1.150,-220.56787109375,-135.275,-139.374,-274.649
explore,10.185,18.300,3.208,11.586,0.492,1.100,-493.2528076171875,-27.996,-51.894,-79.89
exploit,16.885,18.350,3.587,4.949,0.400,1.150,-189.994873046875,-134.607,-139.5,-274.107
exploit,16.485,18.250,3.484,4.982,0.500,1.050,-240.383056640625,-132.338,-34.538,-166.876
explore,13.935,17.850,0.477,8.022,0.900,0.650,-1285.4652099609375,-36.964,-133.767,-170.731
exploit,16.885,18.350,3.637,5.002,0.400,1.150,-227.319091796875,-131.638,-36.065,-167.703
explore,10.785,17.850,2.315,10.885,0.900,0.650,-1209.0396728515625,-154.602,-58.404,-213.006
exploit,16.635,18.300,3.539,4.975,0.450,1.100,-209.164794921875,-133.522,-32.52,-166.042
exploit,16.935,18.200,3.565,4.658,0.550,1.000,-177.32666015625,-135.887,-139.587,-275.474
exploit,16.885,18.350,3.654,4.813,0.400,1.150,-189.857421875,-131.824,-36.32,-168.144
explore,9.735,17.900,3.495,12.088,0.962,0.700,-893.7689208984375,-1021.25,-1021.25,-2042.5
exploit,16.585,18.350,3.545,5.018,0.400,1.150,-189.580078125,-133.16,-38.361,-171.521
exploit,16.735,18.350,3.473,5.203,0.400,1.150,-231.2392578125,-32.34,-37.243,-69.583
exploit,16.535,18.350,3.619,4.931,0.400,1.150,-200.65869140625,-134.299,-34.803,-169.102
explore,14.535,17.700,1.373,7.191,1.050,0.500,-1676.560302734375,-1013.44,-1013.44,-2026.89
exploit,14.985,18.200,3.640,4.898,0.550,1.000,-296.79833984375,-1017.92,-1017.92,-2035.84
exploit,16.935,18.350,3.516,4.981,0.400,1.150,-165.783203125,-132.879,-34.976,-167.855
exploit,16.585,18.350,3.381,5.110,0.400,1.150,-172.684326171875,-133.308,-36.505,-169.813
explore,10.335,18.000,3.021,11.186,0.752,0.800,-1139.4683837890625,-1025.32,-1025.32,-2050.64
exploit,16.985,18.350,3.573,4.951,0.400,1.150,-189.478515625,-132.365,-33.364,-165.729
explore,9.935,18.650,3.460,11.972,0.427,0.618,-985.8448486328125,-26.601,-200,-226.601
exploit,16.985,18.300,3.913,4.587,0.450,1.100,-259.61981201171875,-133.303,-38.603,-171.906
exploit,16.785,18.300,3.928,4.687,0.450,1.100,-295.65625,-132.315,-36.532,-168.847
exploit,17.235,18.350,3.808,4.534,0.447,0.985,-245.3314208984375,-131.213,-37.528,-168.741
explore,15.535,17.600,2.441,6.133,1.150,0.400,-1457.6766357421875,-1013.92,-1013.92,-2027.84
explore,11.835,17.650,1.627,9.861,1.100,0.450,-602.1888427734375,-1019.58,-1019.58,-2039.17
exploit,16.885,18.300,3.652,4.926,0.450,1.100,-272.303955078125,-131.119,-33.72,-164.839
exploit,17.085,18.300,3.819,4.635,0.453,1.100,-246.4334716796875,-134.54,-139.442,-273.982
exploit,16.985,18.350,3.774,4.855,0.400,1.150,-251.745361328125,-130.861,-34.265,-165.126
explore,13.035,17.850,0.260,8.710,0.900,0.650,-1495.2991943359375,-1013.07,-1013.07,-2026.14
exploit,15.235,18.300,3.636,4.776,0.450,1.100,-219.859375,-136.137,-37.534,-173.671
exploit,16.635,18.350,3.402,5.132,0.400,1.150,-186.317138671875,-135.665,-139.062,-274.727
exploit,16.885,18.350,3.415,4.897,0.400,1.150,-105.056640625,-131.854,-33.051,-164.905
exploit,16.785,18.350,3.436,5.137,0.400,1.150,-196.3525390625,-131.432,-32.634,-164.066
exploit,17.035,18.350,3.924,4.707,0.400,1.150,-251.356201171875,-132.677,-36.377,-169.054
explore,15.435,18.250,2.146,6.275,0.500,1.050,-1340.313232421875,-28.842,-37.728,-66.57
exploit,16.885,18.350,3.706,4.916,0.400,1.150,-234.0908203125,-135.446,-139.536,-274.982
exploit,16.685,18.350,3.616,4.997,0.400,1.150,-214.063720703125,-29.784,-34.897,-64.681
exploit,16.685,18.350,3.437,4.923,0.400,1.150,-125.271484375,-132.493,-34.695,-167.188
exploit,16.885,18.350,3.652,4.969,0.400,1.150,-221.1630859375,-134.309,-140.211,-274.52
exploit,16.785,18.300,3.576,5.034,0.450,1.100,-270.712646484375,-135.827,-137.53,-273.357
explore,10.735,17.650,2.558,11.096,1.100,0.450,-1489.4930419921875,-1019.15,-1019.15,-2038.3
exploit,17.135,18.300,3.949,4.591,0.461,1.100,-261.623291015625,-132.876,-34.778,-167.654
exploit,16.485,18.300,3.461,5.095,0.450,1.100,-265.968505859375,-28.015,-31.317,-59.332
explore,14.035,17.850,1.030,7.375,0.900,0.650,-1416.9752197265625,-41.9,-136.505,-178.405
exploit,16.685,18.350,3.506,5.076,0.400,1.150,-191.03759765625,-134.409,-139.307,-273.716
exploit,16.635,18.350,3.277,5.273,0.400,1.150,-253.2744140625,-131.877,-31.665,-163.542
exploit,13.885,18.350,0.737,7.928,0.400,1.150,-344.2606201171875,-26.725,-43.417,-70.142
exploit,16.585,18.350,3.516,5.141,0.400,1.150,-211.69140625,-133.673,-32.78,-166.453
exploit,16.735,18.300,3.658,4.870,0.450,1.100,-256.10791015625,-134.657,-143.057,-277.714
exploit,16.785,18.300,3.629,4.858,0.450,1.100,-241.545166015625,-135.107,-139.207,-274.314
explore,16.785,17.600,3.796,4.527,1.150,0.400,-1191.8153076171875,-134.701,-140.301,-275.002
exploit,15.185,18.350,3.636,4.849,0.400,1.150,-193.6171875,-136.611,-40.619,-177.23
exploit,16.835,18.350,3.563,5.009,0.400,1.150,-195.190673828125,-133.113,-34.917,-168.03
exploit,16.635,18.300,3.524,5.013,0.450,1.100,-248.97802734375,-133.992,-138.792,-272.784
exploit,13.635,18.350,0.819,8.016,0.400,1.150,-266.66070556640625,-26.565,-39.261,-65.826
exploit,16.685,18.250,3.631,4.970,0.500,1.050,-335.274658203125,-134.701,-138.801,-273.502
exploit,13.785,18.350,0.692,7.989,0.400,1.150,-189.381103515625,-25.503,-41.302,-66.805
explore,11.085,17.900,1.860,10.430,0.850,0.700,-386.26947021484375,-1091.81,-1091.81,-2183.62
exploit,14.035,18.300,0.914,7.751,0.450,1.100,-267.77655029296875,-1012.53,-1012.53,-2025.06
exploit,15.085,18.350,3.466,5.048,0.400,1.150,-171.1796875,-136.758,-36.757,-173.515
exploit,16.685,18.350,3.426,5.150,0.400,1.150,-195.486083984375,-32.107,-35.106,-67.213
exploit,16.735,18.350,3.531,5.026,0.400,1.150,-186.74853515625,-132.657,-34.142,-166.799
exploit,16.485,18.300,3.372,5.257,0.450,1.100,-332.96435546875,-131.929,-33.027,-164.956
explore,15.235,18.050,1.883,6.581,0.700,0.850,-1503.00927734375,-1083.68,-1083.68,-2167.37
exploit,16.585,18.350,3.358,5.153,0.400,1.150,-184.3037109375,-134.643,-138.843,-273.486
exploit,16.635,18.350,3.476,5.163,0.400,1.150,-203.13427734375,-32.992,-39.884,-72.876
explore,16.385,18.350,3.457,5.329,0.400,1.150,-254.252197265625,-136.948,-155.147,-292.095
exploit,16.685,18.350,3.477,5.085,0.400,1.150,-181.090576171875,-132.81,-33.812,-166.622
explore,12.385,18.250,0.902,9.344,0.500,1.050,-1388.80078125,-25.655,-39.26,-64.915
exploit,16.835,18.350,3.798,4.833,0.400,1.150,-249.692138671875,-134.058,-142.458,-276.516
exploit,16.585,18.350,3.354,5.227,0.400,1.150,-217.857421875,-135.211,-141.318,-276.529
exploit,16.885,18.350,3.504,4.996,0.400,1.150,-168.4521484375,-135.398,-139.2,-274.598
exploit,17.085,18.350,3.916,4.747,0.403,1.150,-258.531005859375,-132.36,-34.059,-166.419
exploit,16.935,18.350,3.717,4.908,0.400,1.150,-236.96240234375,-134.98,-139.277,-274.257
exploit,16.585,18.350,3.118,5.228,0.400,1.150,-237.28173828125,-32.645,-37.945,-70.59
explore,12.085,18.050,1.223,9.819,0.700,0.850,-803.8654174804688,-1016.01,-1016.01,-2032.02
explore,9.985,18.750,3.414,11.799,0.354,0.652,-652.2744750976562,-155.501,-200,-355.501
exploit,16.435,18.350,3.227,5.145,0.400,1.150,-170.126220703125,-136.716,-140.116,-276.832
explore,14.385,18.300,1.175,7.375,0.450,1.100,-542.888916015625,-25.942,-37.739,-63.681
exploit,16.785,18.350,3.380,4.929,0.400,1.150,-112.216796875,-133.851,-138.551,-272.402
exploit,16.585,18.300,3.455,5.099,0.450,1.100,-260.042724609375,-1017.14,-1017.14,-2034.29
exploit,17.085,18.300,3.979,4.588,0.453,1.100,-255.93280029296875,-133.909,-38.528,-172.437
exploit,17.135,18.300,3.925,4.532,0.461,1.100,-233.6024169921875,-132.875,-34.283,-167.158
exploit,17.035,18.300,3.887,4.675,0.450,1.100,-263.335693359375,-135.652,-138.949,-274.601
exploit,16.885,18.350,3.792,4.670,0.400,1.150,-197.3919677734375,-134.046,-139.647,-273.693
explore,9.985,17.600,3.419,11.944,1.218,0.400,-962.031005859375,-29.269,-47.483,-76.752
exploit,16.885,18.250,3.689,4.644,0.500,1.050,-247.9727783203125,-133.747,-33.167,-166.914
explore,9.535,18.250,3.786,12.197,0.559,1.050,-1212.3475341796875,-1022.83,-1022.83,-2045.66
explore,14.535,18.100,2.929,5.488,0.650,0.900,-1020.46630859375,-138.804,-40.405,-179.209
explore,13.985,18.000,0.808,7.757,0.750,0.800,-772.0401611328125,-134.4,-200,-334.4
exploit,17.085,18.350,3.914,4.715,0.403,1.150,-236.6058349609375,-133.082,-34.383,-167.465
exploit,17.035,18.350,3.648,4.691,0.400,1.150,-159.1539306640625,-133.054,-35.875,-168.929
exploit,16.835,18.350,3.634,4.873,0.400,1.150,-201.596435546875,-134.133,-141.034,-275.167
explore,12.485,18.000,0.744,9.228,0.750,0.800,-1326.132080078125,-1015.41,-1015.41,-2030.82
exploit,17.085,18.250,3.902,4.594,0.502,1.050,-284.748291015625,-133.511,-38.619,-172.13
exploit,16.735,18.350,3.331,4.885,0.400,1.150,-107.5093994140625,-131.469,-35.869,-167.338
exploit,16.635,18.350,3.560,5.086,0.400,1.150,-224.76611328125,-133.2,-33.702,-166.902
exploit,16.835,18.350,3.505,5.104,0.400,1.150,-216.989013671875,-133.076,-34.979,-168.055
exploit,16.685,18.350,3.496,5.036,0.400,1.150,-198.436279296875,-34.489,-34.189,-68.678
exploit,17.035,18.350,3.790,4.725,0.400,1.150,-211.6141357421875,-132.334,-34.34,-166.674
exploit,16.735,18.350,3.546,5.043,0.400,1.150,-210.175048828125,-131.802,-34.499,-166.301
exploit,17.235,18.300,3.891,4.636,0.492,1.100,-269.28070068359375,-134.897,-139.195,-274.092
explore,16.835,18.300,3.586,5.009,0.450,1.100,-283.058837890625,-135.15,-139.348,-274.498
exploit,16.685,18.350,3.578,5.041,0.400,1.150,-216.99072265625,-28.128,-30.432,-58.56
exploit,16.485,18.350,3.315,5.273,0.400,1.150,-254.32080078125,-131.426,-36.725,-168.151
explore,9.635,18.450,3.640,12.082,0.461,0.783,-1098.4705810546875,-1029.2,-1029.2,-2058.39
exploit,17.135,18.300,3.921,4.624,0.461,1.100,-254.9449462890625,-132.354,-34.937,-167.291
explore,11.185,17.700,1.898,10.415,1.050,0.500,-608.8794555664062,-1018.22,-1018.22,-2036.44
exploit,16.835,18.350,3.573,5.058,0.400,1.150,-216.32470703125,-132.494,-33.192,-165.686
exploit,16.835,18.350,3.691,4.858,0.400,1.150,-213.51416015625,-135.547,-139.743,-275.29
exploit,16.785,18.350,3.595,4.966,0.400,1.150,-205.406494140625,-133.191,-35.287,-168.478
exploit,17.035,18.250,3.806,4.778,0.500,1.050,-324.377197265625,-132.206,-34.407,-166.613
explore,13.685,18.350,1.064,7.750,0.400,1.150,-537.2850341796875,-27.222,-40.029,-67.251
exploit,16.835,18.350,3.704,4.884,0.400,1.150,-220.9190673828125,-132.316,-36.113,-168.429
exploit,16.935,18.300,3.630,4.983,0.450,1.100,-282.179931640625,-1014.32,-1014.32,-2028.63
exploit,16.885,18.300,3.787,4.719,0.450,1.100,-249.57177734375,-132.654,-34.953,-167.607
exploit,16.335,18.350,3.513,5.077,0.400,1.150,-218.77880859375,-28.255,-32.454,-60.709
explore,13.435,17.850,0.358,8.215,0.900,0.650,-1305.8121337890625,-1014.51,-1014.51,-2029.03
explore,10.985,17.750,2.185,10.709,1.000,0.550,-1008.5150146484375,-1017.5,-1017.5,-2035
exploit,8.335,17.150,3.257,11.608,0.400,1.649,-115.23701477050781,-152.031,-55.429,-207.46
explore,13.385,17.650,0.367,8.506,1.100,0.450,-1446.176513671875,-1016.13,-1016.13,-2032.26
exploit,16.385,18.350,3.262,5.222,0.400,1.150,-222.038330078125,-133.569,-34.671,-168.24
explore,16.135,17.650,2.796,5.421,1.100,0.450,-1191.78857421875,-1011.44,-1011.44,-2022.88
exploit,16.735,18.350,3.574,4.968,0.400,1.150,-210.7333984375,-133.065,-35.375,-168.44
exploit,16.835,18.350,3.744,4.873,0.400,1.150,-241.868408203125,-132.332,-33.83,-166.162
exploit,17.185,18.350,3.671,4.801,0.427,1.150,-214.86474609375,-132.661,-35.459,-168.12
explore,16.635,17.700,3.182,5.064,1.050,0.500,-1152.0291748046875,-140.704,-158.103,-298.807
explore,15.285,17.900,2.073,6.521,0.850,0.700,-1761.746826171875,-138.719,-140.427,-279.146
exploit,16.785,18.350,3.517,4.992,0.400,1.150,-197.013427734375,-132.784,-36.285,-169.069
exploit,16.635,18.350,3.506,5.118,0.400,1.150,-225.7890625,-133.094,-35.592,-168.686
exploit,16.685,18.350,3.497,5.066,0.400,1.150,-209.83203125,-133.497,-36.395,-169.892
exploit,16.985,18.350,3.744,4.812,0.400,1.150,-223.551025390625,-132.631,-34.932,-167.563
explore,14.735,17.750,1.486,6.946,1.000,0.550,-1782.447265625,-1013.03,-1013.03,-2026.06
exploit,16.335,18.350,3.397,5.107,0.400,1.150,-193.560791015625,-31.44,-39.13,-70.57
exploit,17.135,18.350,3.855,4.680,0.412,1.150,-212.0875244140625,-131.675,-34.97,-166.645
explore,13.385,18.350,0.540,8.240,0.400,1.150,-458.52880859375,-1015.08,-1015.08,-2030.16
exploit,16.635,18.350,3.375,5.057,0.400,1.150,-168.63232421875,-132.228,-33.024,-165.252
explore,13.785,17.900,0.619,7.931,0.850,0.700,-924.5263671875,-31.2,-129.7,-160.9
exploit,16.785,18.350,3.531,4.908,0.400,1.150,-176.71142578125,-137.078,-140.202,-277.28
exploit,16.835,18.350,3.567,4.957,0.400,1.150,-203.33056640625,-134.937,-139.148,-274.085
exploit,16.985,18.350,3.716,4.781,0.400,1.150,-205.4150390625,-131.424,-32.339,-163.763
exploit,16.735,18.350,3.687,4.934,0.400,1.150,-239.3193359375,-133.067,-37.268,-170.335
exploit,16.835,18.350,3.374,4.947,0.400,1.150,-134.4091796875,-135.277,-140.287,-275.564
exploit,16.685,18.300,3.616,5.010,0.450,1.100,-307.495849609375,-1093.7,-1093.7,-2187.41
exploit,16.885,18.350,3.779,4.698,0.400,1.150,-194.4970703125,-131.653,-34.751,-166.404
exploit,16.935,18.300,3.507,4.842,0.450,1.100,-220.426025390625,-133.308,-33.108,-166.416
explore,10.535,17.800,2.709,11.194,0.950,0.600,-1723.494140625,-1021.31,-1021.31,-2042.63
exploit,16.435,18.350,3.173,5.320,0.400,1.150,-262.134521484375,-130.779,-33.583,-164.362
exploit,17.135,18.350,3.870,4.585,0.412,1.150,-174.488525390625,-131.998,-37.192,-169.19
exploit,16.535,18.250,3.620,4.688,0.500,1.050,-242.107177734375,-132.302,-33.701,-166.003
exploit,17.085,18.350,3.986,4.611,0.403,1.150,-196.25634765625,-134.377,-34.376,-168.753
explore,14.285,17.850,0.986,7.456,0.900,0.650,-1039.3284912109375,-160.648,-200,-360.648
exploit,17.035,18.350,3.797,4.780,0.400,1.150,-228.45849609375,-132.494,-35.596,-168.09
exploit,16.735,18.350,3.562,4.949,0.400,1.150,-211.0888671875,-131.116,-34.017,-165.133
explore,10.685,17.750,2.490,10.997,1.000,0.550,-1654.99365234375,-1018.17,-1018.17,-2036.34
exploit,16.935,18.300,3.537,4.951,0.450,1.100,-280.84716796875,-132.946,-33.847,-166.793
exploit,17.035,18.350,3.865,4.697,0.400,1.150,-207.453369140625,-136.654,-142.353,-279.007
exploit,17.185,18.250,3.887,4.585,0.522,1.050,-278.866943359375,-135.476,-138.551,-274.027
exploit,16.985,18.350,3.829,4.682,0.400,1.150,-195.22021484375,-132.979,-35.292,-168.271
exploit,17.035,18.350,3.761,4.720,0.400,1.150,-192.87939453125,-132.936,-139.635,-272.571
exploit,16.635,18.350,3.455,5.106,0.400,1.150,-216.73046875,-133.534,-33.437,-166.971
exploit,16.985,18.300,3.530,5.113,0.450,1.100,-341.08154296875,-130.557,-32.655,-163.212
exploit,17.035,18.300,3.875,4.480,0.450,1.100,-175.5103759765625,-133.446,-35.434,-168.88
exploit,16.935,18.350,3.666,4.766,0.400,1.150,-182.61572265625,-133.927,-141.629,-275.556
explore,16.635,17.850,3.402,5.145,0.900,0.650,-979.3338623046875,-132.603,-35.102,-167.705
exploit,16.985,18.350,3.591,4.874,0.400,1.150,-197.09423828125,-134.505,-140.499,-275.004
explore,12.285,18.150,0.964,9.443,0.600,0.950,-1141.0947265625,-1013.53,-1013.53,-2027.06
exploit,15.485,18.350,3.706,4.755,0.400,1.150,-198.223388671875,-1017.63,-1017.63,-2035.26
exploit,17.035,18.350,3.866,4.762,0.400,1.150,-238.169677734375,-132.004,-32.104,-164.108
exploit,17.135,18.350,3.880,4.700,0.412,1.150,-239.742919921875,-133.361,-141.561,-274.922
exploit,16.785,18.250,3.534,5.017,0.500,1.050,-359.1923828125,-133.615,-37.209,-170.824
exploit,17.085,18.300,3.874,4.764,0.453,1.100,-304.123291015625,-131.875,-33.876,-165.751
exploit,16.485,18.350,3.442,4.989,0.400,1.150,-184.31689453125,-132.932,-34.832,-167.764
explore,11.035,17.900,2.115,10.550,0.850,0.700,-1115.5006103515625,-153.519,-55.413,-208.932
exploit,16.585,18.350,3.420,5.167,0.400,1.150,-218.7373046875,-131.86,-32.956,-164.816
explore,11.235,18.350,1.966,10.425,0.400,1.150,-1012.2500610351562,-24.982,-45.179,-70.161
exploit,16.485,18.250,3.329,5.258,0.500,1.050,-407.6953125,-133.279,-36.477,-169.756
exploit,16.635,18.300,3.384,5.162,0.450,1.100,-287.23291015625,-134.717,-140.137,-274.854
explore,16.385,17.650,3.115,5.311,1.100,0.450,-1171.502197265625,-1013.51,-1013.51,-2027.02
exploit,16.635,18.350,3.400,5.107,0.400,1.150,-194.40771484375,-134.198,-139.783,-273.981
exploit,17.085,18.350,3.947,4.605,0.403,1.150,-196.52685546875,-136.595,-148.403,-284.998
exploit,17.085,18.350,3.948,4.572,0.403,1.150,-185.810791015625,-132.609,-34.809,-167.418
explore,15.985,18.050,2.835,5.643,0.700,0.850,-1068.280517578125,-135.468,-138.764,-274.232
exploit,16.685,18.350,3.503,5.009,0.400,1.150,-214.62890625,-133.028,-34.517,-167.545
exploit,17.185,18.350,3.823,4.402,0.427,1.150,-143.0504150390625,-134.505,-141.405,-275.91
exploit,16.785,18.350,3.548,5.023,0.400,1.150,-234.08984375,-130.841,-32.246,-163.087
explore,11.385,18.000,2.022,10.390,0.750,0.800,-840.2322998046875,-147.72,-50.433,-198.153
exploit,16.735,18.350,3.468,4.940,0.400,1.150,-186.81884765625,-131.924,-35.725,-167.649
exploit,16.835,18.350,3.723,4.866,0.400,1.150,-265.591796875,-134.731,-138.229,-272.96
exploit,17.085,18.350,3.942,4.662,0.403,1.150,-218.74951171875,-131.723,-37.312,-169.035
explore,9.635,18.000,3.634,12.030,0.828,0.800,-1358.738525390625,-200,-200,-400
explore,11.985,18.100,1.107,9.696,0.650,0.900,-1158.86279296875,-1019.91,-1019.91,-2039.81
exploit,17.085,18.350,3.892,4.716,0.403,1.150,-238.4013671875,-131.789,-34.994,-166.783
exploit,16.635,18.350,3.373,5.095,0.400,1.150,-184.5712890625,-132.626,-36.233,-168.859
exploit,16.585,18.350,3.369,5.265,0.400,1.150,-241.35546875,-131.638,-33.428,-165.066
exploit,17.085,18.350,3.752,4.802,0.403,1.150,-256.796875,-134.091,-140.493,-274.584
exploit,17.085,18.350,3.810,4.668,0.403,1.150,-223.623046875,-134.651,-140.552,-275.203
explore,16.085,17.600,2.813,5.662,1.150,0.400,-1658.123291015625,-1014.22,-1014.22,-2028.44
exploit,16.485,18.350,3.357,5.263,0.400,1.150,-237.4912109375,-133.25,-35.35,-168.6
exploit,16.735,18.350,3.599,4.972,0.400,1.150,-245.51708984375,-132.541,-34.142,-166.683
exploit,16.585,18.350,3.469,5.090,0.400,1.150,-214.22802734375,-135.275,-138.977,-274.252
exploit,16.885,18.300,3.587,4.857,0.450,1.100,-271.80908203125,-131.999,-33.697,-165.696
exploit,17.185,18.350,3.844,4.696,0.427,1.150,-245.5703125,-132.123,-35.924,-168.047
exploit,16.735,18.350,3.483,4.967,0.400,1.150,-197.064453125,-133.743,-138.448,-272.191
exploit,17.085,18.350,3.949,4.653,0.403,1.150,-212.03515625,-133.936,-140.825,-274.761
exploit,17.035,18.350,3.916,4.640,0.400,1.150,-210.165283203125,-133.442,-36.04,-169.482
explore,10.585,17.750,2.636,11.167,1.000,0.550,-1830.418701171875,-1020.66,-1020.66,-2041.32
exploit,16.585,18.350,3.386,5.112,0.400,1.150,-193.3955078125,-32.932,-40.134,-73.066
exploit,16.685,18.350,3.494,5.156,0.400,1.150,-234.24267578125,-32.125,-38.627,-70.752
explore,11.285,18.300,2.014,10.428,0.450,1.100,-629.0467529296875,-1017.05,-1017.05,-2034.09
exploit,15.085,18.250,3.324,5.193,0.500,1.050,-357.18505859375,-1014.11,-1014.11,-2028.21
exploit,16.535,18.350,3.185,5.144,0.400,1.150,-160.8173828125,-30.622,-36.023,-66.645
exploit,16.985,18.350,3.936,4.642,0.400,1.150,-212.314208984375,-132.551,-33.953,-166.504
explore,11.635,17.850,1.508,10.071,0.900,0.650,-955.5625610351562,-1019.92,-1019.92,-2039.84
exploit,17.085,18.300,3.962,4.646,0.453,1.100,-252.822509765625,-135.321,-140.422,-275.743
exploit,17.135,18.350,3.916,4.473,0.412,1.150,-171.65283203125,-134.774,-145.576,-280.35
explore,12.485,17.850,0.742,9.279,0.900,0.650,-1135.668701171875,-1015.4,-1015.4,-2030.8
exploit,17.035,18.300,3.871,4.472,0.450,1.100,-201.6025390625,-133.618,-146.718,-280.336
exploit,16.785,18.300,3.626,4.989,0.450,1.100,-323.5732421875,-30.008,-34.502,-64.51
exploit,16.985,18.350,3.902,4.678,0.400,1.150,-225.092041015625,-132.883,-33.577,-166.46
exploit,16.585,18.350,3.321,5.156,0.400,1.150,-203.7744140625,-132.49,-33.687,-166.177
explore,16.035,18.300,3.036,5.484,0.450,1.100,-425.0107421875,-35.089,-132.789,-167.878
exploit,10.285,18.350,3.035,11.613,0.412,1.150,-315.8871154785156,-28.604,-46.503,-75.107
exploit,16.485,18.350,3.152,5.429,0.400,1.150,-301.740234375,-1016.75,-1016.75,-2033.5
exploit,16.135,18.350,2.942,5.615,0.400,1.150,-324.13525390625,-31.769,-38.983,-70.752
exploit,16.785,18.300,3.567,5.017,0.450,1.100,-306.32373046875,-135.128,-139.627,-274.755
exploit,17.035,18.350,3.960,4.676,0.400,1.150,-218.573974609375,-134.989,-34.694,-169.683
explore,9.285,18.150,3.890,12.313,0.600,0.950,-1490.020263671875,-171.78,-55.083,-226.863
exploit,17.035,18.200,3.939,4.677,0.550,1.000,-355.3193359375,-134.12,-137.715,-271.835
exploit,16.735,18.350,3.763,4.899,0.400,1.150,-262.31884765625,-133.079,-33.172,-166.251
exploit,17.085,18.250,3.803,4.667,0.502,1.050,-306.742919921875,-132.744,-35.734,-168.478
exploit,16.635,18.350,3.547,4.996,0.400,1.150,-217.73046875,-133.187,-38.581,-171.768
exploit,16.785,18.300,3.470,4.976,0.450,1.100,-264.77587890625,-132.125,-33.126,-165.251
exploit,17.035,18.350,3.871,4.619,0.400,1.150,-210.622802734375,-135.839,-141.141,-276.98
exploit,16.935,18.350,3.756,4.832,0.400,1.150,-250.1357421875,-135.613,-139.21,-274.823
explore,10.535,17.700,2.753,11.278,1.050,0.500,-1764.9722900390625,-1021.73,-1021.73,-2043.46
exploit,17.035,18.350,3.523,4.502,0.400,1.150,-129.29443359375,-133.288,-139.867,-273.155
explore,10.985,17.750,2.269,10.828,1.000,0.550,-1296.9866943359375,-1018.92,-1018.92,-2037.85
exploit,16.785,18.350,3.492,4.984,0.400,1.150,-196.96435546875,-133.417,-34.52,-167.937
exploit,15.985,18.350,2.826,5.830,0.400,1.150,-358.969970703125,-32.506,-41.308,-73.814
exploit,16.685,18.300,3.558,4.985,0.450,1.100,-293.40185546875,-134.401,-139.205,-273.606
exploit,16.985,18.350,3.607,4.703,0.400,1.150,-199.515625,-135.676,-141.558,-277.234
exploit,15.835,18.350,2.773,5.839,0.400,1.150,-266.660888671875,-1014.64,-1014.64,-2029.28
exploit,16.835,18.300,3.447,4.842,0.450,1.100,-215.65283203125,-133.227,-138.513,-271.74
explore,13.535,17.700,0.384,8.089,1.050,0.500,-1428.0294189453125,-1014.53,-1014.53,-2029.06
exploit,17.085,18.350,3.861,4.748,0.403,1.150,-241.2412109375,-131.763,-32.364,-164.127
explore,10.985,17.750,2.443,10.541,1.000,0.550,-1147.07763671875,-1022.21,-1022.21,-2044.42
exploit,16.835,18.300,3.753,4.847,0.450,1.100,-305.61181640625,-133.064,-36.259,-169.323
exploit,16.835,18.350,3.604,4.873,0.400,1.150,-223.771484375,-131.57,-34.16,-165.73
explore,10.735,17.800,2.496,11.023,0.950,0.600,-1834.0660400390625,-1016.68,-1016.68,-2033.37
explore,10.485,18.150,1.432,9.495,0.600,0.950,-1313.046142578125,-1019.91,-1019.91,-2039.82
exploit,15.185,18.350,3.323,5.036,0.400,1.150,-157.86376953125,-31.817,-43.016,-74.833
exploit,16.985,18.350,3.830,4.779,0.400,1.150,-243.48388671875,-134.871,-142.262,-277.133
exploit,17.135,18.350,3.936,4.702,0.412,1.150,-226.453369140625,-135.204,-139.31,-274.514
exploit,16.585,18.300,3.359,4.996,0.450,1.100,-232.8388671875,-131.043,-33.65,-164.693
exploit,16.685,18.350,3.514,4.985,0.400,1.150,-206.19140625,-1012.68,-1012.68,-2025.35
explore,15.085,18.100,2.162,6.299,0.650,0.900,-1221.9647216796875,-133.283,-34.394,-167.677
exploit,16.585,18.350,3.466,5.114,0.400,1.150,-230.0791015625,-132.202,-35.903,-168.105
explore,12.985,17.650,0.410,8.719,1.100,0.450,-1520.61328125,-1014.12,-1014.12,-2028.25
explore,10.635,17.950,2.523,11.042,0.800,0.750,-1765.7880859375,-1021.69,-1021.69,-2043.38
exploit,16.535,18.350,3.109,5.086,0.400,1.150,-129.47021484375,-134.547,-140.265,-274.812
exploit,16.485,18.350,3.328,5.194,0.400,1.150,-230.91796875,-131.763,-33.761,-165.524
exploit,17.085,18.350,3.874,4.697,0.403,1.150,-229.66552734375,-132.869,-35.376,-168.245
exploit,17.135,18.350,3.958,4.332,0.412,1.150,-155.7381591796875,-133.466,-35.166,-168.632
exploit,17.035,18.350,3.835,4.721,0.400,1.150,-235.5,-133.65,-139.349,-272.999
exploit,16.585,18.350,3.328,5.250,0.400,1.150,-258.45166015625,-136.404,-139.801,-276.205
exploit,17.135,18.350,3.848,4.739,0.412,1.150,-244.279296875,-133.671,-140.862,-274.533
exploit,17.185,18.350,3.917,4.612,0.427,1.150,-217.04248046875,-132.851,-143.15,-276.001
explore,17.035,17.600,3.930,4.568,1.150,0.400,-1032.176025390625,-131.1,-33.6,-164.7
exploit,16.935,18.200,3.684,4.755,0.550,1.000,-360.39697265625,-131.295,-33.699,-164.994
exploit,16.985,18.350,3.769,4.856,0.400,1.150,-258.76416015625,-133.202,-34.802,-168.004
exploit,16.885,18.300,3.633,4.883,0.450,1.100,-298.37646484375,-1015.92,-1015.92,-2031.85
exploit,16.285,18.350,3.196,5.258,0.400,1.150,-258.61962890625,-1011.86,-1011.86,-2023.72
exploit,16.885,18.350,3.889,4.763,0.400,1.150,-240.36572265625,-135.822,-138.829,-274.651
exploit,16.935,18.300,3.620,5.015,0.450,1.100,-326.2314453125,-33.473,-38.558,-72.031
exploit,17.085,18.350,3.971,4.629,0.403,1.150,-201.59130859375,-135.61,-34.613,-170.223
exploit,16.685,18.300,3.401,5.041,0.450,1.100,-290.6650390625,-131.61,-33.21,-164.82
exploit,17.385,18.300,3.891,4.342,0.570,0.860,-262.2099609375,-133.727,-140.301,-274.028
exploit,17.085,18.350,3.915,4.564,0.403,1.150,-198.628173828125,-132.668,-33.865,-166.533
explore,11.485,18.200,1.888,10.318,0.550,1.000,-1046.445068359375,-1017.8,-1017.8,-2035.6
exploit,17.035,18.300,3.713,4.777,0.450,1.100,-299.3349609375,-133.907,-140.505,-274.412
exploit,16.685,18.250,3.596,4.937,0.500,1.050,-369.732421875,-1016.83,-1016.83,-2033.66
exploit,17.035,18.250,3.908,4.730,0.500,1.050,-318.84130859375,-134.037,-33.932,-167.969
exploit,17.085,18.350,3.896,4.740,0.403,1.150,-235.21630859375,-133.143,-140.848,-273.991
exploit,16.885,18.350,3.752,4.812,0.400,1.150,-259.55029296875,-137.374,-139.878,-277.252
explore,12.135,18.100,0.872,9.305,0.650,0.900,-1565.8800048828125,-1015.93,-1015.93,-2031.85
explore,13.735,17.950,0.440,8.108,0.800,0.750,-1174.27587890625,-1015.99,-1015.99,-2031.97
explore,12.635,18.350,0.740,9.108,0.400,1.150,-1238.0787353515625,-27.782,-44.369,-72.151
exploit,17.235,18.350,3.965,4.587,0.447,0.985,-255.33984375,-134.508,-147.118,-281.626
explore,10.035,17.700,3.279,11.654,1.107,0.500,-975.2874145507812,-1023.21,-1023.21,-2046.41
explore,10.535,17.900,2.729,11.265,0.850,0.700,-1822.427001953125,-1022.55,-1022.55,-2045.11
explore,10.485,17.850,2.899,11.375,0.900,0.650,-1784.420166015625,-155.134,-54.939,-210.073
exploit,17.185,18.300,3.919,4.587,0.474,1.100,-245.182373046875,-131.992,-36.999,-168.991
exploit,16.735,18.300,3.656,4.983,0.450,1.100,-342.0400390625,-132.901,-34.981,-167.882
exploit,16.635,18.350,3.351,5.122,0.400,1.150,-225.052734375,-130.778,-34.578,-165.356
explore,11.985,17.850,1.395,9.642,0.900,0.650,-1428.998291015625,-1017.93,-1017.93,-2035.85
exploit,17.335,18.300,3.944,4.397,0.541,0.918,-256.650146484375,-133.571,-139.972,-273.543
exploit,16.735,18.350,3.442,5.089,0.400,1.150,-227.806640625,-31.737,-34.935,-66.672
exploit,16.935,18.350,3.650,4.799,0.400,1.150,-249.7119140625,-132.874,-37.487,-170.361
exploit,16.735,18.350,3.346,5.060,0.400,1.150,-204.4189453125,-135.978,-138.989,-274.967
exploit,16.885,18.350,3.898,4.626,0.400,1.150,-208.21923828125,-135.544,-140.648,-276.192
exploit,16.785,18.350,3.359,5.093,0.400,1.150,-216.4296875,-134.922,-139.926,-274.848
exploit,16.535,18.350,3.367,5.164,0.400,1.150,-238.48876953125,-134.79,-138.796,-273.586
exploit,16.935,18.350,3.633,4.927,0.400,1.150,-255.51025390625,-136.084,-139.137,-275.221
exploit,17.135,18.350,3.707,4.758,0.412,1.150,-256.81640625,-131.807,-33.01,-164.817
exploit,16.835,18.350,3.645,4.859,0.400,1.150,-254.35595703125,-131.6,-35.804,-167.404
exploit,16.635,18.350,3.352,5.092,0.400,1.150,-216.4765625,-130.078,-34.678,-164.756
exploit,16.785,18.350,3.401,5.073,0.400,1.150,-218.47412109375,-134.024,-138.818,-272.842
exploit,17.285,18.200,3.793,4.658,0.604,1.000,-381.45458984375,-1023.75,-1023.75,-2047.49
exploit,17.035,18.350,3.583,4.827,0.400,1.150,-236.32470703125,-131.11,-37.309,-168.419
exploit,17.185,18.300,3.913,4.690,0.474,1.100,-295.00634765625,-132.82,-144.234,-277.054
exploit,10.285,18.300,2.953,11.508,0.461,1.100,-443.12396240234375,-32.888,-52.881,-85.769
explore,12.585,17.650,0.693,9.258,1.100,0.450,-833.1207275390625,-26.45,-41.454,-67.904
exploit,16.585,18.350,3.201,5.043,0.400,1.150,-173.14208984375,-133.748,-139.264,-273.012
explore,11.535,17.900,1.622,10.153,0.850,0.700,-1201.6551513671875,-146.301,-48.803,-195.104
exploit,16.935,18.350,3.878,4.754,0.400,1.150,-231.269775390625,-133.149,-34.449,-167.598
exploit,10.235,18.350,3.116,11.554,0.427,1.150,-253.60064697265625,-1022.88,-1022.88,-2045.77
explore,13.035,18.200,0.451,8.565,0.550,1.000,-1658.18359375,-138.428,-41.624,-180.052
exploit,16.985,18.350,3.711,4.826,0.400,1.150,-255.64599609375,-133.175,-36.876,-170.051
explore,9.885,17.600,3.292,11.821,1.254,0.400,-909.5655517578125,-1019.85,-1019.85,-2039.71
exploit,17.035,18.300,3.869,4.707,0.450,1.100,-289.5146484375,-135.556,-138.579,-274.135
exploit,16.935,18.200,3.972,4.477,0.550,1.000,-303.8184814453125,-133.951,-36.459,-170.41
exploit,16.735,18.350,3.480,5.067,0.400,1.150,-227.60888671875,-130.903,-35.4,-166.303
exploit,16.785,18.350,3.558,4.992,0.400,1.150,-237.4189453125,-133.94,-140.435,-274.375
explore,16.035,18.100,2.750,5.784,0.650,0.900,-897.395263671875,-1014.68,-1014.68,-2029.36
explore,9.735,18.000,3.654,12.161,0.875,0.800,-1087.93212890625,-1023.24,-1023.24,-2046.49
exploit,16.785,18.350,3.410,5.107,0.400,1.150,-225.0634765625,-131.677,-32.494,-164.171
exploit,17.185,18.350,3.959,4.668,0.427,1.150,-213.760986328125,-132.319,-32.401,-164.72
exploit,16.585,18.300,3.473,5.107,0.450,1.100,-331.0341796875,-135.78,-140.088,-275.868
exploit,16.835,18.350,3.580,4.966,0.400,1.150,-242.439453125,-134.272,-139.271,-273.543
exploit,16.735,18.350,3.336,5.097,0.400,1.150,-213.5625,-132.321,-34.513,-166.834
exploit,17.085,18.350,3.889,4.740,0.403,1.150,-226.8671875,-133.909,-141.106,-275.015
exploit,16.685,18.350,3.459,5.168,0.400,1.150,-238.076171875,-135.57,-138.956,-274.526
exploit,16.535,18.350,3.434,5.127,0.400,1.150,-230.14990234375,-132.511,-34.81,-167.321
exploit,16.585,18.350,3.333,5.180,0.400,1.150,-241.78759765625,-134.783,-138.785,-273.568
exploit,16.885,18.300,3.627,4.869,0.450,1.100,-331.109375,-131.381,-33.581,-164.962
exploit,17.185,18.350,3.851,4.445,0.427,1.150,-187.779052734375,-135.399,-139.798,-275.197
exploit,17.085,18.350,3.933,4.511,0.403,1.150,-171.083984375,-134.59,-141.189,-275.779
explore,12.035,18.200,1.242,9.813,0.550,1.000,-1352.01513671875,-1020.73,-1020.73,-2041.47
exploit,16.985,18.300,3.925,4.614,0.450,1.100,-249.65380859375,-133.546,-36.54,-170.086
exploit,16.535,18.350,3.349,5.021,0.400,1.150,-194.41650390625,-134.471,-139.885,-274.356
explore,16.435,17.950,3.235,5.259,0.800,0.750,-921.56982421875,-135.63,-138.728,-274.358
exploit,16.635,18.350,3.454,5.054,0.400,1.150,-222.201171875,-30.819,-37.403,-68.222
exploit,16.885,18.350,3.733,4.934,0.400,1.150,-259.65576171875,-135.004,-141.181,-276.185
exploit,16.885,18.300,3.974,4.542,0.450,1.100,-215.21826171875,-134.118,-35.316,-169.434
exploit,17.035,18.350,3.952,4.622,0.400,1.150,-185.941162109375,-132.977,-34.177,-167.154
exploit,16.785,18.350,3.679,4.973,0.400,1.150,-256.87890625,-133.57,-33.173,-166.743
exploit,17.085,18.300,3.775,4.503,0.453,1.100,-247.023193359375,-133.049,-36.249,-169.298
exploit,16.885,18.300,3.387,5.100,0.450,1.100,-305.6806640625,-31.831,-38.117,-69.948
exploit,16.835,18.350,3.559,4.980,0.400,1.150,-239.181640625,-133.512,-139.71,-273.222
exploit,16.985,18.350,3.977,4.473,0.400,1.150,-151.1534423828125,-133.067,-35.167,-168.234
exploit,16.985,18.350,3.792,4.841,0.400,1.150,-254.3388671875,-133.715,-35.516,-169.231
exploit,16.485,18.300,3.331,5.241,0.450,1.100,-350.947265625,-134.803,-139.6,-274.403
explore,12.085,18.300,1.101,9.605,0.450,1.100,-1133.782958984375,-30.229,-49.937,-80.166
explore,14.035,17.600,0.932,7.690,1.150,0.400,-791.171142578125,-1012.74,-1012.74,-2025.48
exploit,16.885,18.350,3.831,4.792,0.400,1.150,-243.083251953125,-1014.82,-1014.82,-2029.64
exploit,16.385,18.350,3.437,5.136,0.400,1.150,-230.6279296875,-133.701,-35.699,-169.4
exploit,16.385,18.350,3.179,5.170,0.400,1.150,-235.90087890625,-31.834,-38.429,-70.263
explore,11.085,18.200,2.024,10.589,0.550,1.000,-921.6886596679688,-1019.53,-1019.53,-2039.06
exploit,17.085,18.300,3.903,4.682,0.453,1.100,-286.739013671875,-134.21,-139.714,-273.924
exploit,16.635,18.350,3.331,4.977,0.400,1.150,-172.4443359375,-135.922,-139.115,-275.037
exploit,16.935,18.200,3.773,4.797,0.550,1.000,-462.85302734375,-134.179,-36.364,-170.543
exploit,16.685,18.350,3.457,5.084,0.400,1.150,-223.9228515625,-31.581,-35.682,-67.263
explore,10.035,17.850,3.162,11.738,0.966,0.650,-1252.177001953125,-29.376,-46.878,-76.254
exploit,17.085,18.350,3.930,4.680,0.403,1.150,-222.71337890625,-132.568,-37.269,-169.837
exploit,16.935,18.300,3.785,4.772,0.450,1.100,-327.5576171875,-133.456,-33.567,-167.023
exploit,16.685,18.350,3.499,5.022,0.400,1.150,-227.6611328125,-133.705,-141.805,-275.51
exploit,17.285,18.300,3.906,4.635,0.515,0.962,-355.302978515625,-132.738,-36.736,-169.474
exploit,17.085,18.300,3.948,4.633,0.453,1.100,-254.418212890625,-132.989,-36.206,-169.195
exploit,17.085,18.300,3.740,4.839,0.453,1.100,-341.0654296875,-132.611,-35.312,-167.923
exploit,16.485,18.350,3.245,5.259,0.400,1.150,-280.61572265625,-130.653,-35.753,-166.406
exploit,16.685,18.350,3.537,5.068,0.400,1.150,-238.267578125,-132.512,-36.976,-169.488
exploit,16.985,18.250,3.869,4.342,0.500,1.050,-213.4075927734375,-133.729,-35.434,-169.163
exploit,16.435,18.350,3.330,5.273,0.400,1.150,-273.5400390625,-133.38,-33.475,-166.855
exploit,17.085,18.350,3.923,4.666,0.403,1.150,-217.952880859375,-132.765,-35.652,-168.417
exploit,17.185,18.350,3.940,4.647,0.427,1.150,-225.23046875,-132.368,-37.464,-169.832
exploit,16.935,18.350,3.487,5.036,0.400,1.150,-225.3935546875,-135.089,-141.091,-276.18
exploit,16.735,18.350,3.378,5.032,0.400,1.150,-198.70849609375,-133.115,-35.621,-168.736
exploit,16.835,18.350,3.590,4.981,0.400,1.150,-250.32666015625,-133.072,-35.057,-168.129
exploit,16.635,18.350,3.466,5.106,0.400,1.150,-226.66552734375,-27.7,-31.101,-58.801
explore,9.985,18.700,3.353,11.753,0.364,0.658,-634.7354736328125,-148.901,-50.896,-199.797
exploit,16.535,18.300,3.445,5.162,0.450,1.100,-316.4677734375,-34.742,-40.833,-75.575
exploit,16.735,18.350,3.615,5.000,0.400,1.150,-253.810546875,-133.777,-33.477,-167.254
exploit,17.035,18.250,3.866,4.746,0.500,1.050,-360.927490234375,-133.382,-37.28,-170.662
exploit,16.985,18.350,3.717,4.764,0.400,1.150,-260.13818359375,-134.095,-138.595,-272.69
exploit,16.585,18.350,3.389,5.248,0.400,1.150,-250.4345703125,-134.814,-141.114,-275.928
explore,15.735,17.950,2.516,6.036,0.800,0.750,-1382.927001953125,-131.35,-34.974,-166.324
exploit,16.635,18.350,3.273,5.252,0.400,1.150,-268.5517578125,-32.432,-38.546,-70.978
explore,12.135,17.700,1.101,9.631,1.050,0.500,-910.5184326171875,-1016.91,-1016.91,-2033.81
exploit,16.735,18.300,3.463,5.105,0.450,1.100,-304.6396484375,-132.641,-35.742,-168.383
exploit,17.135,18.350,3.927,4.707,0.412,1.150,-230.895263671875,-133.711,-37.321,-171.032
explore,10.935,17.650,2.367,10.810,1.100,0.450,-1719.459716796875,-1019.39,-1019.39,-2038.79
exploit,17.085,18.350,3.960,4.625,0.403,1.150,-193.523193359375,-133.653,-35.453,-169.106
exploit,16.985,18.300,3.978,4.647,0.450,1.100,-237.8046875,-133.656,-36.356,-170.012
exploit,16.785,18.350,3.599,4.970,0.400,1.150,-250.7275390625,-133.453,-36.144,-169.597
exploit,17.035,18.350,3.924,4.657,0.400,1.150,-209.09765625,-134.151,-139.251,-273.402
exploit,16.935,18.300,3.769,4.825,0.450,1.100,-331.72412109375,-132.135,-34.735,-166.87
explore,10.435,17.600,2.699,11.177,1.150,0.400,-1777.6806640625,-29.304,-47.701,-77.005
exploit,16.785,18.350,3.492,5.098,0.400,1.150,-224.34814453125,-133.387,-33.581,-166.968
exploit,16.885,18.350,3.447,4.891,0.400,1.150,-203.88916015625,-134.07,-143.37,-277.44
exploit,16.935,18.250,3.751,4.799,0.500,1.050,-386.0810546875,-132.232,-36.732,-168.964
exploit,16.985,18.350,3.726,4.848,0.400,1.150,-269.50244140625,-135,-140.31,-275.31
exploit,16.935,18.350,3.728,4.893,0.400,1.150,-270.06005859375,-30.868,-36.067,-66.935
exploit,16.635,18.350,3.534,5.070,0.400,1.150,-231.3193359375,-133.202,-36.8,-170.002
exploit,16.585,18.350,3.234,5.106,0.400,1.150,-197.1513671875,-134.887,-138.384,-273.271
explore,10.385,18.200,2.908,11.433,0.550,1.000,-837.4480590820312,-1019.41,-1019.41,-2038.82
exploit,17.085,18.350,3.893,4.750,0.403,1.150,-238.28564453125,-135.008,-140.399,-275.407
explore,10.335,17.600,3.018,11.513,1.151,0.400,-1096.945068359375,-1020.63,-1020.63,-2041.26
exploit,16.635,18.350,3.493,5.172,0.400,1.150,-226.70068359375,-132.371,-34.303,-166.674
exploit,16.435,18.350,3.364,5.262,0.400,1.150,-255.091796875,-134.835,-138.435,-273.27
exploit,16.535,18.350,3.176,5.167,0.400,1.150,-230.23095703125,-131.956,-31.46,-163.416
exploit,16.835,18.300,3.890,4.608,0.450,1.100,-252.874755859375,-134.319,-35.222,-169.541
exploit,16.735,18.300,3.343,5.009,0.450,1.100,-258.53662109375,-31.929,-37.633,-69.562
explore,10.435,18.100,2.876,11.231,0.650,0.900,-1538.5067138671875,-1022.37,-1022.37,-2044.73
exploit,16.935,18.300,3.810,4.759,0.450,1.100,-310.38818359375,-131.976,-36.461,-168.437
exploit,16.535,18.350,3.688,4.872,0.400,1.150,-265.263671875,-133.807,-33.91,-167.717
exploit,17.035,18.350,3.757,4.690,0.400,1.150,-245.47265625,-134.984,-138.883,-273.867
exploit,16.385,18.350,3.159,5.283,0.400,1.150,-307.06689453125,-130.595,-33.597,-164.192
explore,10.535,17.850,2.768,11.111,0.900,0.650,-1891.92822265625,-161.287,-200,-361.287
explore,10.835,17.900,2.636,10.712,0.850,0.700,-1685.753173828125,-149.769,-49.171,-198.94
exploit,16.735,18.350,3.466,5.004,0.400,1.150,-213.70849609375,-135.397,-139.519,-274.916
explore,15.085,17.700,1.800,6.631,1.050,0.500,-1543.283935546875,-1012.94,-1012.94,-2025.87
explore,16.885,18.150,3.595,4.788,0.600,0.950,-455.517578125,-132.506,-37.305,-169.811
exploit,16.985,18.350,3.726,4.855,0.400,1.150,-266.3203125,-135.04,-141.036,-276.076
exploit,17.085,18.250,3.939,4.585,0.502,1.050,-279.216552734375,-133.3,-36.295,-169.595
exploit,16.935,18.350,3.887,4.634,0.400,1.150,-213.604248046875,-133.573,-35.077,-168.65
explore,9.785,18.950,3.634,12.080,0.550,0.450,-999.389892578125,-147.822,-51.505,-199.327
explore,9.635,18.300,3.729,12.077,0.570,0.860,-1257.4356689453125,-1023.04,-1023.04,-2046.08
exploit,17.135,18.300,3.956,4.507,0.461,1.100,-210.609375,-137.485,-141.085,-278.57
explore,10.885,18.350,2.547,11.108,0.400,1.150,-1440.7587890625,-30.553,-48.453,-79.006
explore,10.285,18.100,2.911,11.483,0.658,0.900,-1098.2430419921875,-1022.75,-1022.75,-2045.49
explore,10.335,17.600,2.853,11.440,1.151,0.400,-1360.771240234375,-1020.69,-1020.69,-2041.38
exploit,17.035,18.300,3.763,4.687,0.450,1.100,-293.30419921875,-135.925,-139.231,-275.156
exploit,17.085,18.300,3.809,4.752,0.453,1.100,-307.470703125,-131.415,-32.619,-164.034
exploit,16.635,18.350,3.485,5.002,0.400,1.150,-219.3037109375,-135.271,-138.871,-274.142
exploit,16.685,18.350,3.357,5.036,0.400,1.150,-190.384765625,-131.432,-32.746,-164.178
exploit,16.985,18.350,3.985,4.657,0.400,1.150,-189.5185546875,-134.809,-35.914,-170.723
exploit,17.085,18.350,3.797,4.712,0.403,1.150,-247.90087890625,-131.314,-35.915,-167.229
explore,11.635,17.900,1.616,9.918,0.850,0.700,-1357.099609375,-150.673,-168.072,-318.745
explore,9.835,18.600,3.540,12.051,0.539,0.539,-888.5450439453125,-1029.14,-1029.14,-2058.29
explore,15.135,17.900,3.614,4.882,0.850,0.700,-673.49658203125,-138.353,-38.35,-176.703
exploit,16.635,18.350,3.356,5.296,0.400,1.150,-270.4609375,-134.447,-139.148,-273.595
exploit,16.335,18.350,3.460,5.353,0.400,1.150,-264.64453125,-131.895,-36.6,-168.495
explore,9.835,17.800,3.376,11.945,1.098,0.600,-1065.1363525390625,-1027.47,-1027.47,-2054.94
exploit,16.785,18.300,3.768,4.762,0.450,1.100,-309.85107421875,-133.021,-35.821,-168.842
explore,9.935,17.850,3.321,11.739,1.006,0.650,-1301.69873046875,-29.733,-51.031,-80.764
exploit,16.585,18.200,3.449,5.161,0.550,1.000,-437.615234375,-132.456,-37.256,-169.712
exploit,16.735,18.350,3.781,4.875,0.400,1.150,-266.986328125,-133.718,-35.109,-168.827
exploit,16.785,18.200,3.488,5.082,0.550,1.000,-407.189453125,-134.258,-137.051,-271.309
exploit,16.535,18.300,3.272,5.161,0.450,1.100,-292.43017578125,-135.112,-139.303,-274.415
exploit,16.685,18.350,3.497,5.005,0.400,1.150,-223.96484375,-133.787,-33.384,-167.171
exploit,16.435,18.350,3.410,4.861,0.400,1.150,-191.99462890625,-131.802,-36.2,-168.002
exploit,17.085,18.350,3.878,4.667,0.403,1.150,-224.225830078125,-134.557,-140.558,-275.115
exploit,17.135,18.250,3.955,4.649,0.510,1.050,-296.245361328125,-134.432,-141.523,-275.955
exploit,16.835,18.350,3.598,4.789,0.400,1.150,-246.53955078125,-32.36,-32.865,-65.225
exploit,16.735,18.350,3.459,5.049,0.400,1.150,-215.3525390625,-134.469,-138.163,-272.632
exploit,17.285,18.350,3.895,4.483,0.472,0.918,-251.2813720703125,-133.68,-35.483,-169.163
exploit,17.035,18.300,3.867,4.717,0.450,1.100,-283.7841796875,-135.306,-140.401,-275.707
exploit,16.685,18.350,3.498,5.134,0.400,1.150,-225.19287109375,-134.587,-138.774,-273.361
exploit,16.635,18.350,3.386,5.192,0.400,1.150,-228.5634765625,-132.879,-35.392,-168.271
exploit,17.185,18.350,3.898,4.543,0.427,1.150,-205.0966796875,-133.147,-140.948,-274.095
explore,13.985,18.150,0.938,7.667,0.600,0.950,-500.075439453125,-137.138,-36.438,-173.576
explore,13.935,18.100,0.815,7.804,0.650,0.900,-518.119384765625,-31.347,-40.091,-71.438
exploit,16.835,18.250,3.912,4.652,0.500,1.050,-302.139892578125,-133.718,-35.22,-168.938
explore,12.435,18.150,0.847,9.346,0.600,0.950,-1423.71044921875,-26.64,-43.947,-70.587
explore,11.535,18.000,1.652,10.225,0.750,0.800,-1036.945068359375,-145.285,-50.985,-196.27
exploit,16.985,18.350,3.791,4.629,0.400,1.150,-227.72412109375,-134.435,-139.138,-273.573
explore,13.235,17.750,0.176,8.563,1.000,0.550,-1802.85400390625,-1014.36,-1014.36,-2028.72
exploit,13.985,18.200,0.819,7.797,0.550,1.000,-397.0650634765625,-1019.69,-1019.69,-2039.37
explore,10.735,18.000,2.375,10.892,0.750,0.800,-1401.476318359375,-151.713,-55.209,-206.922
exploit,17.035,18.350,3.602,5.003,0.400,1.150,-247.09033203125,-133.767,-140.866,-274.633
exploit,16.735,18.350,3.482,5.139,0.400,1.150,-223.8857421875,-132.316,-36.237,-168.553
exploit,16.435,18.350,3.358,5.178,0.400,1.150,-225.0556640625,-131.162,-33.572,-164.734
explore,16.235,17.900,2.937,5.488,0.850,0.700,-1234.3912353515625,-133.403,-140.402,-273.805
explore,15.985,18.200,2.716,5.857,0.550,1.000,-860.0634765625,-1015.51,-1015.51,-2031.03
exploit,16.835,18.350,3.473,5.095,0.400,1.150,-220.3916015625,-33.711,-40.119,-73.83
exploit,16.935,18.350,3.553,5.061,0.400,1.150,-235.4287109375,-132.124,-31.625,-163.749
exploit,17.235,18.350,3.822,4.451,0.447,0.985,-220.6807861328125,-131.848,-36.778,-168.626
explore,15.935,18.250,2.784,5.728,0.500,1.050,-960.24755859375,-137.345,-138.548,-275.893
exploit,17.085,18.350,3.909,4.699,0.403,1.150,-223.14453125,-132.002,-33.301,-165.303
exploit,16.735,18.350,3.345,5.113,0.400,1.150,-206.1064453125,-132.938,-34.531,-167.469
exploit,16.785,18.300,3.476,4.892,0.450,1.100,-269.908203125,-132.765,-33.859,-166.624
exploit,16.935,18.300,3.950,4.548,0.450,1.100,-216.580322265625,-132.987,-36.892,-169.879
exploit,16.985,18.350,3.900,4.730,0.400,1.150,-229.246826171875,-135.452,-140.05,-275.502
explore,9.885,18.050,3.351,11.802,0.860,0.850,-990.0308837890625,-164.162,-200,-364.162
exploit,17.085,18.250,3.831,4.770,0.502,1.050,-351.19775390625,-132.274,-35.272,-167.546
explore,16.235,17.600,3.078,5.499,1.150,0.400,-1539.986572265625,-1014.8,-1014.8,-2029.61
exploit,16.885,18.350,3.600,5.046,0.400,1.150,-242.48583984375,-133.266,-33.762,-167.028
exploit,16.885,18.350,3.606,4.874,0.400,1.150,-249.85009765625,-132.385,-32.987,-165.372
exploit,17.035,18.350,3.921,4.639,0.400,1.150,-204.82421875,-133.835,-33.437,-167.272
explore,9.435,18.300,3.781,12.308,0.474,1.100,-1368.685546875,-1022.42,-1022.42,-2044.84
exploit,16.985,18.350,3.849,4.638,0.400,1.150,-220.625,-133.326,-35.026,-168.352
exploit,16.385,18.300,3.434,5.211,0.450,1.100,-304.037109375,-1016.16,-1016.16,-2032.31
exploit,16.685,18.350,3.435,5.118,0.400,1.150,-216.69140625,-135.376,-139.377,-274.753
explore,10.685,18.000,2.458,10.997,0.750,0.800,-1383.6893310546875,-151.186,-53.285,-204.471
exploit,16.635,18.350,3.447,5.104,0.400,1.150,-224.6826171875,-135.837,-139.715,-275.552
exploit,16.785,18.300,3.518,4.955,0.450,1.100,-292.0078125,-134.62,-139.124,-273.744
exploit,16.935,18.250,3.789,4.752,0.500,1.050,-346.88037109375,-134.828,-139.029,-273.857
explore,12.185,18.300,1.145,9.675,0.450,1.100,-954.35595703125,-1018.33,-1018.33,-2036.67
exploit,16.935,18.350,3.543,4.911,0.400,1.150,-229.57763671875,-132.914,-32.911,-165.825
exploit,16.735,18.250,3.585,4.956,0.500,1.050,-368.169921875,-132.505,-32.596,-165.101
exploit,16.635,18.350,3.357,5.109,0.400,1.150,-209.84130859375,-130.64,-33.443,-164.083
exploit,17.085,18.300,3.932,4.703,0.453,1.100,-261.179443359375,-134.097,-34.988,-169.085
exploit,16.935,18.250,3.734,4.797,0.500,1.050,-356.09375,-132.989,-34.893,-167.882
exploit,16.785,18.350,3.698,4.966,0.400,1.150,-261.76513671875,-134.059,-35.257,-169.316
exploit,16.335,18.350,3.344,5.198,0.400,1.150,-241.9677734375,-132.662,-37.565,-170.227
explore,12.585,17.600,0.753,9.269,1.150,0.400,-588.3917846679688,-25.807,-44.8,-70.607
explore,9.435,18.150,3.762,12.276,0.618,0.950,-1580.54443359375,-1021.7,-1021.7,-2043.4
exploit,17.085,18.300,3.840,4.649,0.453,1.100,-267.227783203125,-133.758,-140.158,-273.916
exploit,16.885,18.350,3.467,4.826,0.400,1.150,-196.51318359375,-132.518,-33.43,-165.948
exploit,16.735,18.300,3.513,5.016,0.450,1.100,-297.185546875,-136.039,-139.145,-275.184
exploit,16.535,18.350,3.349,5.276,0.400,1.150,-277.90869140625,-137.01,-138.133,-275.143
exploit,16.885,18.350,3.726,4.887,0.400,1.150,-260.5205078125,-133.124,-33.627,-166.751
exploit,16.485,18.350,3.473,5.200,0.400,1.150,-247.72216796875,-27.932,-32.531,-60.463
exploit,17.085,18.250,3.970,4.624,0.502,1.050,-272.675537109375,-134.809,-140.4,-275.209
exploit,16.835,18.350,3.505,4.932,0.400,1.150,-217.84423828125,-131.8,-33.796,-165.596
exploit,16.935,18.300,3.862,4.754,0.450,1.100,-285.45751953125,-134.544,-139.743,-274.287
exploit,16.485,18.350,3.317,5.189,0.400,1.150,-234.89453125,-1011.26,-1011.26,-2022.53
exploit,14.485,18.350,1.323,7.278,0.400,1.150,-420.63568115234375,-25.662,-38.061,-63.723
explore,10.435,18.250,3.061,11.565,0.500,1.050,-765.0491943359375,-29.633,-49.535,-79.168
exploit,16.685,18.300,3.524,5.117,0.450,1.100,-317.16943359375,-135.636,-139.631,-275.267
explore,15.785,17.800,2.640,5.903,0.950,0.600,-1495.6414794921875,-133.906,-38.207,-172.113
exploit,16.985,18.350,3.714,4.915,0.400,1.150,-256.69921875,-134.008,-140.91,-274.918
exploit,16.635,18.350,3.209,5.143,0.400,1.150,-221.099853515625,-131.847,-31.432,-163.279
exploit,17.035,18.350,3.860,4.691,0.400,1.150,-227.17236328125,-133.847,-141.249,-275.096
exploit,16.435,18.350,3.318,5.343,0.400,1.150,-329.9814453125,-133.925,-34.913,-168.838
exploit,17.035,18.350,3.946,4.635,0.400,1.150,-197.627685546875,-133.558,-143.355,-276.913
exploit,16.735,18.250,3.579,4.995,0.500,1.050,-366.47314453125,-136.284,-147.078,-283.362
exploit,16.685,18.350,3.586,5.021,0.400,1.150,-242.8095703125,-133.253,-32.852,-166.105
exploit,17.185,18.350,3.916,4.712,0.427,1.150,-238.590087890625,-133.873,-140.461,-274.334
explore,14.335,17.600,1.078,7.380,1.150,0.400,-1357.928955078125,-1012.45,-1012.45,-2024.91
explore,12.435,17.850,0.737,9.282,0.900,0.650,-1241.6318359375,-1021.83,-1021.83,-2043.66
exploit,17.185,18.350,3.969,4.582,0.427,1.150,-199.694580078125,-135.497,-141.399,-276.896
exploit,17.185,18.300,3.873,4.702,0.474,1.100,-290.143310546875,-131.273,-36.488,-167.761
exploit,17.235,18.350,3.863,4.280,0.447,0.985,-172.8056640625,-131.402,-39.504,-170.906
exploit,16.735,18.350,3.328,4.829,0.400,1.150,-145.76025390625,-133.603,-32.002,-165.605
exploit,17.085,18.350,3.956,4.742,0.403,1.150,-216.2626953125,-136.26,-141.261,-277.521
exploit,16.835,18.300,3.682,4.891,0.450,1.100,-312.13916015625,-132.852,-34.541,-167.393
explore,16.585,18.000,3.430,5.156,0.750,0.800,-578.56640625,-134.658,-34.946,-169.604
exploit,16.585,18.350,3.339,5.178,0.400,1.150,-243.7578125,-132.537,-36.354,-168.891
explore,14.185,18.000,0.915,7.537,0.750,0.800,-658.135009765625,-39.326,-136.225,-175.551
explore,14.335,17.950,1.032,7.440,0.800,0.750,-818.2803344726562,-142.274,-43.77,-186.044
exploit,17.035,18.300,3.736,4.734,0.450,1.100,-291.146484375,-132.672,-36.76,-169.432
exploit,17.085,18.350,3.717,4.597,0.403,1.150,-222.102783203125,-135.028,-139.026,-274.054
exploit,16.735,18.350,3.519,5.090,0.400,1.150,-236.2109375,-131.923,-36.723,-168.646
exploit,14.335,18.350,1.175,7.389,0.400,1.150,-302.028076171875,-25.257,-40.243,-65.5
exploit,16.585,18.350,3.437,5.233,0.400,1.150,-258.330078125,-28.781,-33.974,-62.755
explore,15.035,18.150,1.997,6.494,0.600,0.950,-1146.2666015625,-1017.82,-1017.82,-2035.63
exploit,16.485,18.350,3.339,5.221,0.400,1.150,-259.70166015625,-131.442,-33.451,-164.893
exploit,16.535,18.350,3.267,5.342,0.400,1.150,-336.791259765625,-1016.59,-1016.59,-2033.18
exploit,17.035,18.300,3.964,4.587,0.450,1.100,-224.578369140625,-131.858,-35.958,-167.816
exploit,16.635,18.350,3.573,5.090,0.400,1.150,-240.8681640625,-133.101,-35.204,-168.305
exploit,17.185,18.250,3.914,4.677,0.522,1.050,-317.044189453125,-134.913,-139.113,-274.026
explore,15.235,18.350,1.979,6.517,0.400,1.150,-1020.243896484375,-28.231,-35.132,-63.363
exploit,16.985,18.350,3.909,4.596,0.400,1.150,-201.447509765625,-133.074,-35.475,-168.549
exploit,16.785,18.350,3.497,4.963,0.400,1.150,-217.2578125,-133.741,-139.058,-272.799
exploit,17.335,18.400,3.946,4.524,0.461,0.850,-240.6605224609375,-132.683,-34.992,-167.675
exploit,16.885,18.350,3.726,4.884,0.400,1.150,-255.8330078125,-131.776,-32.283,-164.059
exploit,16.885,18.350,3.681,4.883,0.400,1.150,-252.46630859375,-131.408,-34.509,-165.917
exploit,16.635,18.300,3.475,5.108,0.450,1.100,-302.37451171875,-132.781,-34.058,-166.839
exploit,17.135,18.350,3.937,4.705,0.412,1.150,-221.46484375,-133.21,-139.111,-272.321
exploit,17.185,18.350,3.916,4.656,0.427,1.150,-228.86962890625,-132.643,-33.646,-166.289
exploit,17.085,18.350,3.858,4.769,0.403,1.150,-242.640380859375,-133.778,-140.28,-274.058
exploit,16.785,18.350,3.612,4.960,0.400,1.150,-241.435546875,-134.931,-139.139,-274.07
exploit,15.135,18.350,3.736,4.846,0.400,1.150,-254.55078125,-135.787,-37.175,-172.962
exploit,16.735,18.300,3.614,4.977,0.450,1.100,-302.3408203125,-1011.26,-1011.26,-2022.53
explore,13.185,18.300,0.556,8.287,0.450,1.100,-857.73583984375,-26.163,-40.661,-66.824
exploit,17.085,18.350,3.989,4.512,0.403,1.150,-163.2296142578125,-135.065,-140.466,-275.531
explore,9.235,17.600,4.017,12.334,1.150,0.400,-819.51171875,-28.261,-51.061,-79.322
exploit,16.735,18.350,3.441,5.026,0.400,1.150,-214.978759765625,-134.213,-139.518,-273.731
explore,14.135,18.300,1.020,7.685,0.450,1.100,-508.2802734375,-27.73,-38.731,-66.461
explore,9.835,18.450,3.535,11.900,0.610,0.610,-1075.145263671875,-28.236,-49.432,-77.668
exploit,17.085,18.250,3.934,4.557,0.502,1.050,-263.8896484375,-134.192,-138.179,-272.371
exploit,16.885,18.350,3.698,4.866,0.400,1.150,-259.087890625,-132.204,-34.401,-166.605
explore,15.835,18.150,2.533,5.881,0.600,0.950,-908.34375,-133.175,-166.477,-299.652
exploit,16.685,18.300,3.548,5.052,0.450,1.100,-308.38720703125,-135.116,-139.105,-274.221
exploit,16.835,18.350,3.613,5.010,0.400,1.150,-253.024169921875,-132.049,-36.621,-168.67
explore,10.335,17.700,2.841,11.388,1.051,0.500,-1574.6221923828125,-1021.4,-1021.4,-2042.79
exploit,14.435,18.350,1.305,7.328,0.400,1.150,-281.539794921875,-25.94,-33.241,-59.181
exploit,14.535,18.300,1.201,7.338,0.450,1.100,-281.681396484375,-1013.74,-1013.74,-2027.47
exploit,16.935,18.300,3.918,4.713,0.450,1.100,-257.2470703125,-134.442,-33.547,-167.989
exploit,16.835,18.350,3.586,5.027,0.400,1.150,-243.372314453125,-132.609,-36.731,-169.34
exploit,16.885,18.300,3.527,5.052,0.450,1.100,-306.135498046875,-134.538,-138.531,-273.069
exploit,16.985,18.300,3.970,4.421,0.450,1.100,-186.051025390625,-134.117,-37.12,-171.237
exploit,16.935,18.300,3.643,4.904,0.450,1.100,-309.6005859375,-131.348,-32.755,-164.103
explore,15.735,18.350,2.614,6.054,0.400,1.150,-786.8883056640625,-28.713,-33.72,-62.433
explore,12.885,18.200,0.502,8.646,0.550,1.000,-1269.81640625,-1015.16,-1015.16,-2030.32
exploit,16.985,18.350,3.880,4.707,0.400,1.150,-219.331787109375,-134.04,-139.543,-273.583
explore,16.085,17.600,2.655,5.798,1.150,0.400,-1542.7119140625,-1014.91,-1014.91,-2029.82
exploit,16.785,18.350,3.327,4.927,0.400,1.150,-153.745849609375,-131.224,-34.42,-165.644
explore,16.585,17.900,3.298,5.232,0.850,0.700,-695.674560546875,-135.11,-141.231,-276.341
exploit,16.835,18.350,3.624,4.992,0.400,1.150,-244.625,-131.221,-32.724,-163.945
exploit,17.135,18.350,3.963,4.621,0.412,1.150,-192.7978515625,-136.763,-149.76,-286.523
explore,14.385,17.850,1.125,7.228,0.900,0.650,-1191.0859375,-1016.05,-1016.05,-2032.1
exploit,16.535,18.300,3.322,5.156,0.450,1.100,-303.184814453125,-32.103,-37.306,-69.409
exploit,16.985,18.350,3.832,4.744,0.400,1.150,-241.09912109375,-134.388,-142.384,-276.772
explore,13.385,18.150,0.190,8.357,0.600,0.950,-1152.75244140625,-138.481,-41.876,-180.357
explore,15.085,17.700,1.930,6.626,1.050,0.500,-1572.6700439453125,-1010.38,-1010.38,-2020.76
exploit,16.735,18.350,3.363,4.819,0.400,1.150,-145.858642578125,-132.135,-32.04,-164.175
exploit,16.535,18.300,3.374,5.239,0.450,1.100,-345.8876953125,-33.393,-35.094,-68.487
exploit,16.735,18.300,3.656,5.006,0.450,1.100,-317.237548828125,-132.549,-36.749,-169.298
explore,16.235,17.900,2.775,5.526,0.850,0.700,-1015.825927734375,-134.621,-140.229,-274.85
exploit,16.735,18.350,3.483,5.111,0.400,1.150,-235.9228515625,-134.407,-139.419,-273.826
exploit,16.885,18.350,3.631,4.718,0.400,1.150,-235.6064453125,-131.038,-36.132,-167.17
exploit,16.785,18.350,3.524,5.035,0.400,1.150,-231.658203125,-133.243,-32.244,-165.487
exploit,16.735,18.300,3.866,4.662,0.450,1.100,-264.89501953125,-133.238,-36.836,-170.074
exploit,16.985,18.350,3.611,4.898,0.400,1.150,-244.974365234375,-132.734,-34.432,-167.166
exploit,17.185,18.350,3.914,4.576,0.427,1.150,-209.904052734375,-132.161,-34.547,-166.708
exploit,17.085,18.350,3.872,4.619,0.403,1.150,-221.954833984375,-133.172,-36.448,-169.62
exploit,17.285,18.300,3.955,4.439,0.515,0.962,-245.3765869140625,-134.107,-147.501,-281.608
exploit,16.535,18.350,3.455,5.095,0.400,1.150,-225.93798828125,-130.905,-36.604,-167.509
explore,10.685,18.300,2.559,11.103,0.450,1.100,-1135.7724609375,-29.867,-46.67,-76.537
exploit,16.785,18.300,3.290,5.058,0.450,1.100,-247.378173828125,-134.744,-139.551,-274.295
explore,16.135,18.250,2.800,5.681,0.500,1.050,-752.5623779296875,-32.862,-133.06,-165.922
exploit,17.085,18.300,3.844,4.665,0.453,1.100,-270.7958984375,-132.696,-35.513,-168.209
exploit,17.035,18.350,3.862,4.718,0.400,1.150,-231.55859375,-134.385,-139.385,-273.77
exploit,17.035,18.350,3.835,4.780,0.400,1.150,-245.31787109375,-134.448,-36.343,-170.791
exploit,16.435,18.150,3.358,5.144,0.600,0.950,-404.547119140625,-133.423,-35.225,-168.648
exploit,16.435,18.350,3.275,5.209,0.400,1.150,-269.183837890625,-130.805,-32.912,-163.717
exploit,17.085,18.200,3.884,4.615,0.552,1.000,-338.216552734375,-132.655,-142.343,-274.998
exploit,16.635,18.350,3.461,4.883,0.400,1.150,-199.169677734375,-132.817,-34.017,-166.834
exploit,16.585,18.300,3.338,5.264,0.450,1.100,-369.328369140625,-33.44,-38.649,-72.089
exploit,16.885,18.350,3.790,4.753,0.400,1.150,-248.637451171875,-132.44,-34.948,-167.388
exploit,16.385,18.350,3.215,4.923,0.400,1.150,-106.658935546875,-136.157,-139.457,-275.614
exploit,16.685,18.350,3.544,5.028,0.400,1.150,-233.357177734375,-132.852,-32.748,-165.6
exploit,16.535,18.350,3.481,5.039,0.400,1.150,-218.614990234375,-134.764,-34.165,-168.929
exploit,16.785,18.350,3.441,4.741,0.400,1.150,-182.86181640625,-131.702,-33.805,-165.507
explore,14.485,17.900,1.529,6.925,0.850,0.700,-1844.7979736328125,-137.791,-38.595,-176.386
explore,13.135,17.700,0.233,8.700,1.050,0.500,-1729.6962890625,-1013.53,-1013.53,-2027.05
exploit,16.585,18.150,3.223,5.028,0.600,0.950,-248.256103515625,-137.007,-138.406,-275.413
exploit,16.785,18.300,3.424,4.940,0.450,1.100,-243.1513671875,1,1,2
