type,wx,wy,d1,d2,d3,d4,E_reward,roberto_reward,marvin_reward,reward
explore,12.050,17.550,0.986,7.708,1.200,0.450,-1.8149755001068115,-1013.16,-1013.16,-2026.31
exploit,9.350,18.050,2.017,10.594,0.707,0.950,-0.500000536441803,-149.749,-53.553,-203.302
exploit,9.550,18.200,2.019,10.451,0.626,1.100,-0.5000009536743164,-1023.53,-1023.53,-2047.05
exploit,13.250,18.400,1.997,6.572,0.350,1.300,-0.7366493940353394,-25.581,-35.293,-60.874
exploit,13.100,18.400,1.965,6.708,0.350,1.300,-1.0225282907485962,-25.501,-35.294,-60.795
exploit,10.750,18.250,0.641,9.107,0.500,1.150,-1.8989222049713135,-28.474,-41.575,-70.049
exploit,10.350,18.250,0.632,9.061,0.500,1.150,-2.17142915725708,-32.189,-46.189,-78.378
exploit,9.800,17.600,1.035,9.485,1.275,0.500,-5.265661716461182,-27.826,-43.638,-71.464
exploit,10.250,17.500,0.909,9.400,1.254,0.400,-5.440642833709717,-1020.14,-1020.14,-2040.28
exploit,13.200,17.450,1.948,6.630,1.300,0.350,-10.560521125793457,-26.543,-34.342,-60.885
exploit,13.150,17.850,1.864,6.658,0.900,0.750,-21.108081817626953,-129.298,-33.397,-162.695
exploit,11.500,18.150,0.151,8.603,0.600,1.050,-24.671363830566406,-1016.52,-1016.52,-2033.05
exploit,12.800,18.400,1.593,7.025,0.350,1.300,-33.080448150634766,-141.038,-45.127,-186.165
exploit,10.250,18.200,0.975,9.542,0.559,1.100,-4.170318603515625,-28.013,-44.014,-72.027
exploit,10.600,18.250,0.923,9.500,0.500,1.150,22.269119262695312,-1017.71,-1017.71,-2035.42
exploit,10.350,18.250,1.128,9.170,0.500,1.150,3.3509902954101562,-26.799,-53.806,-80.605
exploit,9.250,17.450,2.036,10.479,1.300,0.350,-37.63268280029297,-27.731,-44.131,-71.862
exploit,9.350,17.450,1.940,10.425,1.304,0.350,-39.59062957763672,-27.286,-43.786,-71.072
exploit,9.800,17.450,1.788,10.324,1.412,0.350,-41.324424743652344,-1019.06,-1019.06,-2038.11
exploit,13.250,17.500,1.865,6.487,1.250,0.400,-52.75310134887695,-1012.68,-1012.68,-2025.37
exploit,12.300,18.400,1.120,7.509,0.350,1.300,-73.23835754394531,-25.879,-37.879,-63.758
exploit,12.950,18.350,1.890,6.595,0.400,1.250,-54.91276550292969,-27.518,-38.873,-66.391
exploit,12.950,18.400,1.922,6.565,0.350,1.300,-50.70697784423828,-26.074,-35.875,-61.949
exploit,13.200,18.300,1.924,6.756,0.450,1.200,-61.97509002685547,-27.601,-36.201,-63.802
exploit,13.050,18.300,1.936,6.684,0.450,1.200,-60.391265869140625,-1013.9,-1013.9,-2027.79
exploit,13.100,18.350,1.974,6.658,0.400,1.250,-56.37236022949219,-27.388,-36.789,-64.177
exploit,12.250,18.400,1.024,7.616,0.350,1.300,-63.18389129638672,-25.364,-38.665,-64.029
exploit,12.400,18.400,1.055,7.408,0.350,1.300,-58.15159606933594,-138.343,-47.038,-185.381
exploit,12.300,18.400,1.198,7.510,0.350,1.300,-61.79635238647461,-141.092,-46.111,-187.203
exploit,12.400,18.350,1.118,7.502,0.400,1.250,-108.56961059570312,-26.244,-36.347,-62.591
exploit,12.200,18.400,1.051,7.679,0.350,1.300,-103.86238098144531,-25.639,-37.241,-62.88
exploit,12.250,18.400,0.942,7.498,0.350,1.300,-94.85257720947266,-27.215,-37.914,-65.129
exploit,12.100,18.400,1.031,7.611,0.350,1.300,-90.42759704589844,-1016.14,-1016.14,-2032.28
exploit,12.650,18.400,1.294,7.294,0.350,1.300,-121.0499267578125,-25.917,-38.917,-64.834
exploit,12.650,18.350,1.301,7.204,0.400,1.250,-156.8310546875,-26.614,-39.413,-66.027
exploit,12.750,18.400,1.314,7.084,0.350,1.300,-100.6112060546875,-26.1,-37.393,-63.493
exploit,12.950,18.400,1.344,7.285,0.350,1.300,-125.97821044921875,-27.065,-37.366,-64.431
exploit,12.800,18.250,1.376,6.975,0.500,1.150,-130.41314697265625,-1013.74,-1013.74,-2027.48
exploit,12.800,18.350,1.543,7.185,0.400,1.250,-125.96014404296875,-27.961,-38.76,-66.721
exploit,12.900,18.400,1.421,7.127,0.350,1.300,-314.33544921875,-25.848,-36.349,-62.197
exploit,12.300,18.400,1.175,7.483,0.350,1.300,-232.4344482421875,-1012.68,-1012.68,-2025.36
exploit,12.550,18.400,1.207,7.406,0.350,1.300,-205.337646484375,-26.005,-37.589,-63.594
exploit,10.500,18.200,0.730,9.145,0.550,1.100,-356.3523254394531,-1020.96,-1020.96,-2041.92
exploit,12.550,18.400,1.514,7.237,0.350,1.300,-215.756591796875,-25.062,-36.563,-61.625
exploit,12.800,18.400,1.549,7.045,0.350,1.300,-287.6214599609375,-137.783,-45.47,-183.253
exploit,13.200,18.250,1.965,6.489,0.500,1.150,-351.3992919921875,-1019.48,-1019.48,-2038.96
exploit,9.100,17.500,2.178,10.540,1.250,0.400,-194.3779296875,-26.104,-44.601,-70.705
explore,13.000,18.300,1.448,7.093,0.450,1.200,-426.076171875,-27.258,-36.86,-64.118
exploit,9.200,17.600,2.072,10.570,1.150,0.500,-230.658935546875,-27.261,-43.055,-70.316
exploit,12.950,18.400,1.670,6.897,0.350,1.300,-262.7919921875,-1019.98,-1019.98,-2039.97
exploit,12.450,18.400,1.408,7.278,0.350,1.300,-199.7041015625,-25.228,-36.624,-61.852
exploit,9.300,17.550,2.053,10.539,1.201,0.450,-232.704345703125,-1018.18,-1018.18,-2036.36
exploit,9.150,17.500,2.144,10.593,1.250,0.400,-119.4954833984375,-26.462,-44.373,-70.835
exploit,12.750,18.400,1.018,7.294,0.350,1.300,-310.5712890625,-27.262,-40.463,-67.725
exploit,12.500,18.400,1.339,7.205,0.350,1.300,-275.054931640625,-25.497,-37.3,-62.797
exploit,12.350,18.400,1.200,7.426,0.350,1.300,-292.300537109375,-25.321,-37.224,-62.545
exploit,12.550,18.400,1.400,7.280,0.350,1.300,-207.88037109375,-1012.79,-1012.79,-2025.58
explore,12.000,18.300,0.760,7.746,0.450,1.200,-502.48779296875,-26.334,-37.741,-64.075
exploit,12.200,18.400,0.993,7.492,0.350,1.300,-355.33154296875,-25.538,-39.54,-65.078
exploit,12.050,18.400,0.790,7.752,0.350,1.300,-319.011474609375,-25.56,-39.058,-64.618
exploit,11.650,18.200,0.734,7.826,0.550,1.100,-349.4376220703125,-1014.81,-1014.81,-2029.62
exploit,11.900,18.250,0.648,7.935,0.500,1.150,-294.59130859375,-27.434,-38.724,-66.158
exploit,11.300,17.500,0.220,8.553,1.250,0.400,-292.7431640625,-1016.22,-1016.22,-2032.45
exploit,11.550,17.450,0.514,8.526,1.300,0.350,-353.7901916503906,-27.091,-39.495,-66.586
exploit,9.900,18.450,1.365,9.887,0.541,0.716,-333.74713134765625,-24.532,-46.533,-71.065
exploit,9.950,18.450,1.521,9.791,0.500,0.762,-305.9629211425781,-24.564,-45.457,-70.021
exploit,9.950,18.400,1.318,9.824,0.532,0.783,-248.7655029296875,-1021.23,-1021.23,-2042.46
exploit,9.950,18.400,1.450,9.899,0.532,0.783,-194.50897216796875,-25.43,-45.436,-70.866
exploit,12.500,18.400,1.355,7.383,0.350,1.300,-333.416015625,-139.114,-45.015,-184.129
exploit,12.550,18.400,1.251,7.194,0.350,1.300,-313.595703125,-25.545,-36.341,-61.886
exploit,12.350,18.400,1.244,7.431,0.350,1.300,-331.79345703125,-26.93,-37.128,-64.058
exploit,12.100,18.400,0.913,7.716,0.350,1.300,-410.390625,-25.432,-40.138,-65.57
explore,9.700,17.550,1.608,10.064,1.282,0.450,-733.5429077148438,-29.595,-44.389,-73.984
exploit,12.600,18.400,1.476,7.206,0.350,1.300,-342.685546875,-25.366,-36.468,-61.834
exploit,9.900,17.700,1.442,9.840,1.142,0.600,-321.35125732421875,-1018.67,-1018.67,-2037.33
exploit,12.050,18.350,1.166,7.400,0.400,1.250,-340.5556640625,-25.844,-38.343,-64.187
exploit,12.400,18.400,1.333,7.167,0.350,1.300,-313.594970703125,-25.33,-39.738,-65.068
exploit,12.450,18.350,1.331,7.303,0.400,1.250,-328.183837890625,-25.453,-36.655,-62.108
exploit,11.550,17.500,1.486,7.081,1.250,0.400,-421.61456298828125,-1014.92,-1014.92,-2029.85
exploit,12.600,18.400,1.495,7.165,0.350,1.300,-325.88427734375,-25.361,-38.761,-64.122
exploit,12.400,18.350,1.365,7.224,0.400,1.250,-333.05517578125,-25.914,-37.614,-63.528
exploit,12.400,18.400,1.336,7.356,0.350,1.300,-243.74853515625,-25.65,-37.351,-63.001
exploit,12.250,18.400,1.204,7.467,0.350,1.300,-274.27978515625,-26.053,-38.157,-64.21
exploit,12.450,18.400,1.329,7.364,0.350,1.300,-226.67822265625,-25.624,-37.724,-63.348
exploit,12.550,18.400,1.400,7.203,0.350,1.300,-254.05126953125,-25.49,-37.192,-62.682
exploit,13.000,18.400,1.410,7.284,0.350,1.300,-218.324462890625,-27.438,-40.356,-67.794
exploit,12.400,18.400,1.383,7.404,0.350,1.300,-202.54443359375,-25.629,-37.328,-62.957
exploit,12.450,18.400,1.437,7.289,0.350,1.300,-202.5625,-25.784,-37.285,-63.069
exploit,12.250,18.400,1.172,7.312,0.350,1.300,-189.28515625,-25.674,-37.475,-63.149
exploit,12.350,18.400,1.355,7.434,0.350,1.300,-189.697021484375,-25.645,-37.149,-62.794
exploit,12.800,18.400,1.211,7.345,0.350,1.300,-188.98486328125,-26.951,-37.937,-64.888
exploit,12.600,18.400,1.112,7.381,0.350,1.300,-200.030517578125,-25.87,-37.171,-63.041
exploit,12.550,18.400,1.367,7.284,0.350,1.300,-182.759765625,-25.798,-38.971,-64.769
exploit,12.500,18.350,1.433,7.299,0.400,1.250,-235.56982421875,-25.509,-36.806,-62.315
exploit,12.300,18.400,1.088,7.520,0.350,1.300,-264.500732421875,-25.911,-39.711,-65.622
exploit,12.850,18.350,1.220,7.321,0.400,1.250,-230.10498046875,-27.482,-38.18,-65.662
exploit,12.350,18.350,1.222,7.379,0.400,1.250,-233.19384765625,-26.332,-36.932,-63.264
exploit,12.400,18.400,1.190,7.258,0.350,1.300,-154.7314453125,-25.6,-38.708,-64.308
exploit,12.650,18.400,1.390,7.168,0.350,1.300,-228.498779296875,-25.991,-36.089,-62.08
exploit,12.500,18.400,1.133,7.110,0.350,1.300,-160.9814453125,-25.454,-37.256,-62.71
exploit,12.400,18.400,1.174,7.379,0.350,1.300,-161.830078125,-26.238,-40.954,-67.192
exploit,12.500,18.400,1.384,7.337,0.350,1.300,-149.332275390625,-25.344,-37.737,-63.081
exploit,12.400,18.350,1.364,7.365,0.400,1.250,-200.3642578125,-26.182,-36.885,-63.067
exploit,12.300,18.350,1.234,7.418,0.400,1.250,-221.860595703125,-25.72,-38.821,-64.541
exploit,12.450,18.400,1.252,7.428,0.350,1.300,-164.300537109375,-25.693,-37.681,-63.374
exploit,12.350,18.400,1.439,7.320,0.350,1.300,-141.04150390625,-25.562,-36.862,-62.424
exploit,12.400,18.350,1.388,7.298,0.400,1.250,-197.972900390625,-25.426,-36.326,-61.752
exploit,12.750,18.400,1.029,7.397,0.350,1.300,-161.51611328125,-26.787,-38.176,-64.963
exploit,12.350,18.350,1.208,7.463,0.400,1.250,-226.852294921875,-26.821,-37.11,-63.931
exploit,12.500,18.400,1.371,7.269,0.350,1.300,-147.318115234375,-25.595,-37.395,-62.99
exploit,12.550,18.350,1.223,7.379,0.400,1.250,-187.021484375,-26.404,-37.402,-63.806
exploit,12.250,18.400,1.295,7.377,0.350,1.300,-128.20556640625,-25.22,-37.815,-63.035
exploit,12.500,18.400,1.332,7.226,0.350,1.300,-154.88330078125,-25.258,-36.759,-62.017
explore,9.200,18.100,2.006,10.531,0.650,1.000,-761.8868408203125,-1019.12,-1019.12,-2038.25
exploit,12.350,18.400,1.198,7.447,0.350,1.300,-158.08056640625,-25.528,-37.138,-62.666
exploit,12.350,18.400,1.155,7.446,0.350,1.300,-165.185791015625,-25.848,-37.942,-63.79
exploit,12.550,18.400,1.296,7.306,0.350,1.300,-121.0849609375,