type,wx,wy,d1,d2,d3,d4,E_reward,roberto_reward,marvin_reward,reward
explore,12.050,17.550,0.986,7.708,1.200,0.450,-1.8149755001068115,-1013.16,-1013.16,-2026.31
exploit,9.350,18.050,2.017,10.594,0.707,0.950,-0.500000536441803,-149.749,-53.553,-203.302
explore,10.700,18.250,0.918,9.343,0.500,1.150,-0.7957437038421631,-1016.17,-1016.17,-2032.34
explore,10.500,17.450,0.672,7.980,1.300,0.350,-659.6284790039062,-26.286,-43.581,-69.867
explore,10.450,18.250,0.951,9.315,0.500,1.150,-1012.3702392578125,-1018.24,-1018.24,-2036.48
explore,9.450,17.650,1.729,10.277,1.118,0.550,-39.12486267089844,-1017.29,-1017.29,-2034.59
explore,9.300,17.750,0.910,9.378,1.001,0.650,-441.70367431640625,-1019.4,-1019.4,-2038.81
explore,12.450,18.150,1.061,7.409,0.600,1.050,-170.64659118652344,-1014.62,-1014.62,-2029.24
explore,11.950,18.200,0.805,7.797,0.550,1.100,-139.71998596191406,-1014.68,-1014.68,-2029.35
explore,11.950,18.250,0.707,7.881,0.500,1.150,-498.1064453125,-1015.63,-1015.63,-2031.26
explore,13.250,18.000,1.714,6.427,0.750,0.900,-34.421146392822266,-140.789,-43.691,-184.48
explore,10.700,17.600,0.543,9.088,1.150,0.500,-559.4197998046875,-26.547,-42.446,-68.993
explore,12.900,17.700,1.820,6.765,1.050,0.600,-97.26617431640625,-1014.63,-1014.63,-2029.25
explore,12.050,17.850,0.658,7.825,0.900,0.750,-1120.902099609375,-136.145,-38.339,-174.484
explore,9.700,17.550,1.496,9.981,1.282,0.450,-828.0127563476562,-26.966,-45.863,-72.829
explore,13.200,18.050,1.924,6.630,0.700,0.950,-447.07470703125,-1013.18,-1013.18,-2026.36
explore,10.550,17.900,0.798,9.158,0.850,0.800,-1179.33984375,-144.811,-47.811,-192.622
explore,12.550,17.950,0.921,7.246,0.800,0.850,-1051.71044921875,-134.273,-36.471,-170.744
explore,12.350,17.900,0.580,7.966,0.850,0.800,-595.8784790039062,-137.117,-40.913,-178.03
explore,12.050,18.350,0.616,7.930,0.400,1.250,-1175.2154541015625,-26.426,-38.626,-65.052
explore,9.750,17.650,1.579,9.825,1.208,0.550,-521.99560546875,-1016.8,-1016.8,-2033.6
explore,12.400,18.350,1.240,7.409,0.400,1.250,-973.7242431640625,-25.712,-36.91,-62.622
explore,10.250,18.150,1.082,9.571,0.608,1.050,-1327.993896484375,-26.974,-41.074,-68.048
explore,10.550,17.800,0.844,9.365,0.950,0.700,-996.772216796875,-1017.36,-1017.36,-2034.73
explore,13.050,18.300,1.933,6.731,0.450,1.200,-629.3895874023438,-25.533,-34.528,-60.061
explore,10.000,18.100,1.888,10.147,0.738,1.000,-458.5450439453125,-29.249,-45.048,-74.297
explore,11.400,17.900,0.079,8.380,0.850,0.800,100.66124725341797,-137.599,-41.01,-178.609
explore,12.700,17.900,1.535,7.012,0.850,0.800,-901.0469360351562,-133.39,-36.009,-169.399
explore,12.050,17.500,0.966,7.866,1.250,0.400,-738.0838012695312,-28.84,-38.442,-67.282
explore,13.150,18.150,1.857,6.671,0.600,1.050,-650.1407470703125,-1013.54,-1013.54,-2027.08
explore,13.100,17.800,1.655,6.560,0.950,0.700,-837.1471557617188,-133.607,-35.509,-169.116
explore,13.100,17.950,1.782,6.773,0.800,0.850,-1134.022216796875,-1014.38,-1014.38,-2028.76
explore,10.150,18.250,1.241,9.701,0.539,1.150,-530.95751953125,-26.06,-41.258,-67.318
explore,10.350,17.750,0.907,9.483,1.000,0.650,-1210.752685546875,-1016.74,-1016.74,-2033.47
explore,10.100,17.550,1.559,9.764,1.226,0.450,-948.9078369140625,-27.569,-45.47,-73.039
explore,11.200,17.500,0.493,8.576,1.250,0.400,117.71134948730469,-26.141,-42.037,-68.178
explore,11.000,17.650,0.321,8.785,1.100,0.550,44.21992492675781,-25.546,-41.652,-67.198
explore,13.200,17.550,1.838,6.717,1.200,0.450,-807.1050415039062,-1012.54,-1012.54,-2025.08
explore,13.150,18.400,1.723,6.666,0.350,1.300,-412.3576965332031,-25.919,-35.422,-61.341
explore,11.550,17.650,0.568,8.106,1.100,0.550,-93.3836669921875,-1014.67,-1014.67,-2029.35
explore,10.600,18.000,0.729,9.264,0.750,0.900,-1178.82763671875,-1020.61,-1020.61,-2041.23
explore,12.100,17.700,0.583,7.907,1.050,0.600,-673.4004516601562,-1016.12,-1016.12,-2032.23
explore,9.300,17.500,2.007,10.296,1.251,0.400,-735.6475219726562,-1017.54,-1017.54,-2035.08
explore,9.450,18.050,1.871,10.402,0.728,0.950,-315.35986328125,-145.485,-50.886,-196.371
explore,12.400,17.450,1.216,7.425,1.300,0.350,-555.9130859375,-1013.07,-1013.07,-2026.14
explore,12.400,17.500,1.286,7.388,1.250,0.400,-574.8910522460938,-27.279,-38.67,-65.949
explore,12.500,18.350,1.119,7.588,0.400,1.250,-848.4153442382812,-26.444,-37.04,-63.484
explore,10.450,18.000,0.754,9.129,0.750,0.900,-1243.26123046875,-1016.36,-1016.36,-2032.72
explore,10.850,17.450,0.635,8.806,1.300,0.350,-102.96360778808594,-26.32,-41.722,-68.042
explore,9.500,18.000,1.843,10.380,0.791,0.900,-448.21697998046875,-1023.44,-1023.44,-2046.88
explore,10.300,18.050,0.997,9.555,0.702,0.950,-1224.5164794921875,-1016.38,-1016.38,-2032.76
explore,12.650,17.650,1.393,7.121,1.100,0.550,-738.3756713867188,-1013.58,-1013.58,-2027.15
explore,9.750,17.600,1.840,10.129,1.254,0.500,-1275.862548828125,-1017.86,-1017.86,-2035.72
explore,12.850,18.400,1.781,6.894,0.350,1.300,-272.26153564453125,-25.435,-36.133,-61.568
explore,10.200,17.750,1.491,9.617,1.011,0.650,-862.5478515625,-1021.28,-1021.28,-2042.57
explore,10.400,18.050,0.883,9.401,0.700,0.950,-1653.0101318359375,-1016.35,-1016.35,-2032.69
explore,12.800,18.000,1.603,6.936,0.750,0.900,-947.9058837890625,-1022.7,-1022.7,-2045.39
explore,9.700,18.050,1.547,9.998,0.832,0.950,-780.6064453125,-1017.02,-1017.02,-2034.04
explore,9.750,18.300,1.565,9.867,0.673,0.750,-808.5349731445312,-28.942,-44.446,-73.388
explore,13.000,18.400,1.975,6.748,0.350,1.300,-324.73406982421875,-25.219,-35.318,-60.537
explore,12.600,17.950,1.287,7.314,0.800,0.850,-952.58349609375,-131.3,-35.001,-166.301
explore,9.850,18.450,1.766,9.463,0.583,0.671,-370.86346435546875,-1015.27,-1015.27,-2030.54
explore,12.100,17.750,1.178,7.407,1.000,0.650,-896.4525146484375,-1015.86,-1015.86,-2031.71
explore,12.950,18.050,1.819,6.769,0.700,0.950,-1305.431396484375,-1013.3,-1013.3,-2026.6
explore,9.250,17.650,2.009,10.582,1.100,0.550,-1189.4744873046875,-1022.77,-1022.77,-2045.55
explore,11.700,17.800,0.606,8.157,0.950,0.700,-839.2611083984375,-135.822,-37.922,-173.744
explore,9.550,18.200,1.719,10.275,0.626,1.100,-387.14215087890625,-28.321,-47.514,-75.835
explore,12.700,17.650,1.527,6.919,1.100,0.550,-1299.621337890625,-1013.45,-1013.45,-2026.9
explore,9.950,17.450,1.451,9.791,1.360,0.350,-550.3302001953125,-26.638,-43.139,-69.777
explore,10.850,18.100,0.596,8.798,0.650,1.000,-740.2536010742188,-26.766,-39.962,-66.728
explore,10.250,18.200,1.139,9.577,0.559,1.100,-998.1065673828125,-1015.84,-1015.84,-2031.68
explore,12.600,17.850,1.320,7.262,0.900,0.750,-1086.7879638671875,-133.17,-36.591,-169.761
explore,12.250,17.550,0.917,7.683,1.200,0.450,-1042.4033203125,-1014.33,-1014.33,-2028.65
explore,10.600,17.900,0.474,8.991,0.850,0.800,-539.92236328125,-1017.36,-1017.36,-2034.72
explore,10.800,18.250,0.672,9.058,0.500,1.150,-1030.6094970703125,-25.984,-40.682,-66.666
explore,11.050,17.800,0.275,8.705,0.950,0.700,-338.72906494140625,-1013.9,-1013.9,-2027.81
explore,13.250,18.200,1.856,6.717,0.550,1.100,-977.4065551757812,-1013.97,-1013.97,-2027.94
explore,11.150,18.050,0.408,8.783,0.700,0.950,-681.73974609375,-26.542,-39.84,-66.382
explore,12.350,17.750,0.755,7.770,1.000,0.650,-1163.801025390625,-1014.34,-1014.34,-2028.68
explore,11.750,17.750,0.230,8.487,1.000,0.650,-607.0140380859375,-36.139,-135.934,-172.073
explore,11.200,17.500,0.517,8.552,1.250,0.400,-258.516845703125,-26.114,-40.112,-66.226
explore,13.250,17.700,1.708,6.860,1.050,0.600,-1589.429931640625,-1011.85,-1011.85,-2023.71
explore,10.100,18.400,1.331,9.764,0.430,0.919,-674.4825439453125,-28.523,-52.786,-81.309
explore,13.150,17.600,1.811,6.778,1.150,0.500,-1582.5518798828125,-1012.29,-1012.29,-2024.57
explore,11.650,18.100,0.318,8.624,0.650,1.000,-239.36700439453125,-27.152,-42.353,-69.505
explore,11.650,17.450,0.236,8.024,1.300,0.350,-432.7366638183594,-1015.53,-1015.53,-2031.06
explore,11.650,18.100,0.431,8.177,0.650,1.000,-335.81146240234375,-1015.54,-1015.54,-2031.09
explore,13.100,17.800,1.811,6.763,0.950,0.700,-1763.6849365234375,-132.698,-35.011,-167.709
explore,11.200,17.750,0.615,8.948,1.000,0.650,-798.6439819335938,-1016.76,-1016.76,-2033.51
explore,13.100,18.350,1.956,6.598,0.400,1.250,-554.4112548828125,-25.619,-34.301,-59.92
explore,12.500,17.650,1.570,7.062,1.100,0.550,-1436.5567626953125,-1014.15,-1014.15,-2028.3
explore,10.300,18.250,0.891,9.379,0.502,1.150,-1297.1219482421875,-25.865,-40.667,-66.532
explore,10.650,17.550,0.743,9.065,1.200,0.450,-661.5716552734375,-25.456,-42.863,-68.319
explore,9.750,17.700,1.763,10.026,1.163,0.600,-1512.727294921875,-1017.65,-1017.65,-2035.29
explore,13.100,18.100,1.838,6.755,0.650,1.000,-1318.560791015625,-1014.16,-1014.16,-2028.31
explore,11.900,17.800,0.449,7.844,0.950,0.700,-1124.21142578125,-135.553,-37.443,-172.996
explore,10.950,18.050,0.495,8.927,0.700,0.950,-808.342041015625,-1016.61,-1016.61,-2033.21
explore,12.200,18.050,1.218,7.234,0.700,0.950,-641.9010620117188,-1014.94,-1014.94,-2029.89
explore,11.300,17.900,0.242,8.395,0.850,0.800,-589.3521728515625,-137.259,-38.726,-175.985
explore,11.200,18.100,0.066,8.526,0.650,1.000,-300.26220703125,-1015.17,-1015.17,-2030.34
explore,11.950,17.650,0.510,7.896,1.100,0.550,-1065.4873046875,-1020.37,-1020.37,-2040.74
explore,11.750,17.800,0.618,7.949,0.950,0.700,-1001.561279296875,-136.073,-40.173,-176.246
exploit,11.050,17.500,0.462,8.771,1.250,0.400,-180.39913940429688,-1015.1,-1015.1,-2030.2
exploit,9.450,18.250,1.904,10.322,0.539,1.150,-47.24395751953125,-1020.61,-1020.61,-2041.23
explore,9.650,17.600,1.681,10.155,1.218,0.500,-1469.4639892578125,-28.665,-45.164,-73.829
exploit,12.700,18.400,1.596,7.137,0.350,1.300,-251.22805786132812,-25.924,-36.727,-62.651
exploit,13.300,18.400,1.983,6.417,0.350,1.300,-178.5977783203125,-25.563,-34.761,-60.324
exploit,10.850,17.450,0.653,8.870,1.300,0.350,-311.27667236328125,-26.442,-40.523,-66.965
exploit,10.000,17.450,1.368,9.812,1.346,0.350,-314.389892578125,-26.752,-42.65,-69.402
exploit,11.350,17.450,0.785,8.736,1.300,0.350,-141.474365234375,-27.555,-42.449,-70.004
exploit,12.550,18.400,1.433,7.203,0.350,1.300,-199.3907470703125,-25.202,-39.004,-64.206
exploit,12.450,18.400,1.432,7.163,0.350,1.300,-212.20913696289062,-25.957,-46.458,-72.415
exploit,12.550,18.400,1.427,7.153,0.350,1.300,-183.45553588867188,-1016.54,-1016.54,-2033.08
exploit,12.800,18.400,1.400,7.247,0.350,1.300,-148.21188354492188,-26.574,-37.068,-63.642
exploit,10.900,17.450,0.757,8.807,1.300,0.350,-163.5194091796875,-24.907,-41.809,-66.716
exploit,10.200,18.300,1.526,10.021,0.474,1.200,-288.126220703125,-27.627,-45.129,-72.756
exploit,10.950,17.450,0.632,8.835,1.300,0.350,-249.034912109375,-26.438,-40.239,-66.677
exploit,10.700,17.450,0.851,8.967,1.300,0.350,-176.5491943359375,-25.48,-40.382,-65.862
exploit,11.650,17.450,0.796,8.539,1.300,0.350,-108.388427734375,-26.149,-38.945,-65.094
exploit,11.000,17.450,0.600,8.896,1.300,0.350,-254.53765869140625,-25.912,-41.602,-67.514
exploit,9.900,17.450,1.395,9.868,1.376,0.350,-226.5423583984375,-1018.53,-1018.53,-2037.06
exploit,10.550,17.450,0.993,9.059,1.300,0.350,-167.33908081054688,-25.751,-40.87,-66.621
exploit,10.900,17.450,0.397,8.834,1.300,0.350,-362.664306640625,-27.206,-40.708,-67.914
exploit,10.650,17.450,0.686,9.112,1.300,0.350,-270.2652587890625,-25.718,-42.818,-68.536
exploit,10.650,17.450,0.859,9.004,1.300,0.350,-137.940673828125,-26.655,-42.553,-69.208
exploit,10.700,17.450,0.768,9.113,1.300,0.350,-211.68768310546875,-25.745,-42.845,-68.59
exploit,11.050,17.450,0.609,8.722,1.300,0.350,-191.478515625,-25.312,-41.11,-66.422
exploit,10.600,17.450,0.693,9.199,1.300,0.350,-245.6441650390625,-26.41,-40.789,-67.199
exploit,10.900,17.450,0.561,8.855,1.300,0.350,-193.49090576171875,-25.994,-39.986,-65.98
exploit,10.950,17.450,0.591,8.825,1.300,0.350,-170.25909423828125,-25.325,-41.918,-67.243
explore,12.600,17.450,1.316,7.337,1.300,0.350,-1212.6162109375,-27.461,-36.659,-64.12
exploit,10.600,17.450,0.769,8.963,1.300,0.350,-79.4754638671875,-26.403,-41.202,-67.605
exploit,10.800,17.450,0.788,9.117,1.300,0.350,-161.5760498046875,-25.767,-42.761,-68.528
exploit,10.850,17.450,0.538,8.919,1.300,0.350,-176.48358154296875,-25.864,-40.564,-66.428
exploit,10.650,17.450,0.989,9.000,1.300,0.350,-65.842529296875,-26.207,-41.707,-67.914
exploit,10.950,17.450,0.716,8.988,1.300,0.350,-94.8878173828125,-25.93,-42.728,-68.658
exploit,10.600,17.450,0.809,9.113,1.300,0.350,-146.36431884765625,-24.995,-42.694,-67.689
exploit,10.800,17.450,0.774,8.930,1.300,0.350,-54.5650634765625,-25.661,-39.785,-65.446
exploit,10.900,17.450,0.795,8.778,1.300,0.350,-16.6177978515625,-25.581,-39.88,-65.461
exploit,11.100,17.450,0.533,8.666,1.300,0.350,-252.43157958984375,-25.922,-39.818,-65.74
exploit,10.650,17.450,0.781,9.179,1.300,0.350,-182.7701416015625,-25.784,-42.884,-68.668
exploit,11.050,17.450,0.719,8.933,1.300,0.350,-72.19268798828125,-26.788,-41.09,-67.878
exploit,10.600,17.450,0.829,9.058,1.300,0.350,-97.7557373046875,-25.341,-44.741,-70.082
exploit,10.800,17.450,0.601,9.075,1.300,0.350,-138.4937744140625,-27.243,-41.443,-68.686
exploit,10.900,17.450,0.599,8.974,1.300,0.350,-123.44683837890625,-26.37,-40.362,-66.732
exploit,10.350,17.450,0.760,9.253,1.300,0.350,-212.90771484375,-1020.01,-1020.01,-2040.02
exploit,10.450,17.450,0.823,9.340,1.300,0.350,-290.88824462890625,-1017.81,-1017.81,-2035.61
explore,11.350,17.700,0.125,8.398,1.050,0.600,-653.0038452148438,-1013.79,-1013.79,-2027.58
exploit,11.000,17.450,0.833,8.816,1.300,0.350,51.365478515625,-26.442,-41.036,-67.478
exploit,13.050,18.400,1.927,6.699,0.350,1.300,-320.46295166015625,-26.105,-36.505,-62.61
exploit,10.750,17.450,0.524,9.051,1.300,0.350,-261.220458984375,-25.965,-40.463,-66.428
exploit,10.600,17.450,0.617,9.090,1.300,0.350,-299.434326171875,-28.663,-43.565,-72.228
exploit,12.600,18.400,1.618,7.164,0.350,1.300,-334.4945068359375,-25.703,-37.204,-62.907
exploit,11.100,17.450,0.726,8.537,1.300,0.350,-111.31890869140625,-26.721,-40.424,-67.145
exploit,13.550,18.400,1.945,6.320,0.350,1.300,-59.36968994140625,-29.745,-40.233,-69.978
exploit,11.150,17.450,0.555,9.042,1.300,0.350,-219.41436767578125,-27.207,-43.708,-70.915
exploit,10.800,17.450,0.664,8.792,1.300,0.350,-39.568115234375,-26.205,-41.504,-67.709
exploit,10.950,17.450,0.482,8.749,1.300,0.350,-211.77130126953125,-25.472,-39.97,-65.442
exploit,10.550,17.450,0.764,8.800,1.300,0.350,23.88385009765625,-26.585,-41.286,-67.871
exploit,10.850,17.450,0.697,8.866,1.300,0.350,-34.42364501953125,-27.503,-40.404,-67.907
exploit,10.550,17.450,0.886,8.811,1.300,0.350,60.92645263671875,-25.457,-40.362,-65.819
exploit,11.000,17.450,0.412,8.818,1.300,0.350,-224.69586181640625,-25.717,-40.015,-65.732
exploit,11.400,17.450,0.631,8.760,1.300,0.350,-69.2491455078125,-27.628,-41.428,-69.056
exploit,10.750,17.450,0.739,8.975,1.300,0.350,-122.625244140625,-25.316,-42.916,-68.232
exploit,10.950,17.450,0.644,8.814,1.300,0.350,-52.0333251953125,-25.313,-42.514,-67.827
exploit,10.900,17.500,0.821,8.762,1.250,0.400,-52.37884521484375,-25.911,-40.512,-66.423
exploit,11.100,17.450,0.404,8.744,1.300,0.350,-263.45318603515625,-26.223,-39.935,-66.158
exploit,11.000,17.450,0.607,8.982,1.300,0.350,-142.24993896484375,-26.234,-42.932,-69.166
exploit,13.300,18.400,2.012,6.596,0.350,1.300,-203.01776123046875,-137.802,-45.302,-183.104
exploit,10.750,17.450,0.728,9.080,1.300,0.350,-261.755126953125,-26.167,-41.969,-68.136
exploit,10.950,17.450,0.928,8.636,1.300,0.350,82.8330078125,-28.581,-45.585,-74.166
exploit,11.100,17.450,0.547,8.599,1.300,0.350,-245.32391357421875,-26.29,-40.19,-66.48
exploit,11.050,17.450,0.606,8.883,1.300,0.350,-74.38494873046875,-26.409,-43.109,-69.518
exploit,11.200,17.450,0.835,8.717,1.300,0.350,45.82501220703125,-25.693,-42.095,-67.788
exploit,10.800,17.450,0.710,8.956,1.300,0.350,-97.02362060546875,-25.416,-39.626,-65.042
explore,12.950,17.450,1.789,6.730,1.300,0.350,-1309.711181640625,-25.915,-35.313,-61.228
exploit,10.550,17.450,0.910,8.886,1.300,0.350,-26.83770751953125,-25.968,-40.376,-66.344
exploit,10.900,17.500,0.416,8.929,1.250,0.400,-285.6129150390625,-25.848,-39.95,-65.798
exploit,11.350,17.450,0.779,8.527,1.300,0.350,-92.5732421875,-25.053,-39.454,-64.507
exploit,11.150,17.450,0.827,8.737,1.300,0.350,32.239990234375,-26.855,-39.652,-66.507
exploit,10.950,17.500,0.428,8.855,1.250,0.400,-269.3486328125,-25.739,-41.339,-67.078
exploit,13.000,18.400,1.968,6.739,0.350,1.300,-264.5435485839844,-25.181,-35.378,-60.559
exploit,11.200,17.450,0.680,8.835,1.300,0.350,-28.6663818359375,-26.133,-41.432,-67.565
exploit,11.050,17.500,0.470,8.866,1.250,0.400,-237.404052734375,-25.435,-39.631,-65.066
exploit,13.300,18.400,1.982,6.274,0.350,1.300,-26.871490478515625,-25.367,-35.168,-60.535
exploit,11.150,17.450,0.726,8.950,1.300,0.350,-90.28228759765625,-26.932,-41.024,-67.956
exploit,10.800,17.500,0.675,8.836,1.250,0.400,-150.96185302734375,-25.61,-42.412,-68.022
exploit,11.000,17.450,0.552,8.830,1.300,0.350,-72.0880126953125,-26.435,-40.244,-66.679
exploit,10.950,17.450,0.734,8.797,1.300,0.350,-2.654052734375,-26.266,-40.955,-67.221
exploit,13.000,18.400,1.823,6.835,0.350,1.300,-319.67108154296875,-25.417,-35.817,-61.234
explore,12.850,18.150,1.602,6.891,0.600,1.050,-1195.36474609375,-1010.98,-1010.98,-2021.96
explore,12.850,18.400,1.691,6.892,0.350,1.300,-346.56988525390625,-25.426,-35.43,-60.856
exploit,10.800,17.450,0.735,9.001,1.300,0.350,-144.990966796875,-26.676,-41.181,-67.857
exploit,10.700,17.450,0.738,8.996,1.300,0.350,-139.26373291015625,-26.074,-41.172,-67.246
exploit,10.850,17.450,0.440,8.931,1.300,0.350,-104.6954345703125,-25.819,-40.417,-66.236
exploit,10.750,17.450,0.772,9.034,1.300,0.350,-193.07379150390625,-26.603,-40.902,-67.505
exploit,11.150,17.450,0.512,8.565,1.300,0.350,-303.7755126953125,-25.54,-39.351,-64.891
exploit,14.200,18.400,1.998,5.945,0.350,1.300,42.03520202636719,-28.008,-34.508,-62.516
exploit,11.050,17.500,0.614,8.922,1.250,0.400,-201.6998291015625,-26.421,-43.919,-70.34
exploit,10.750,17.500,0.478,8.995,1.250,0.400,-253.959716796875,-27.326,-41.026,-68.352
exploit,11.000,17.500,0.665,8.850,1.250,0.400,-148.41357421875,-25.926,-42.326,-68.252
exploit,11.100,17.450,0.613,8.703,1.300,0.350,-71.52264404296875,-26.277,-42.558,-68.835
exploit,10.950,17.450,0.613,8.595,1.300,0.350,-158.130859375,-26.612,-40.816,-67.428
exploit,10.850,17.450,0.674,9.037,1.300,0.350,-163.7042236328125,-25.442,-42.94,-68.382
explore,9.500,17.650,1.797,10.220,1.128,0.550,-1509.5548095703125,-1020.37,-1020.37,-2040.75
exploit,10.650,17.500,0.394,8.974,1.250,0.400,-233.0391845703125,-28.378,-42.075,-70.453
exploit,11.000,17.450,0.646,8.699,1.300,0.350,-48.4346923828125,-25.969,-40.472,-66.441
exploit,10.700,17.450,0.401,8.918,1.300,0.350,-86.6573486328125,-26.093,-44.094,-70.187
exploit,10.850,17.450,0.725,8.978,1.300,0.350,-104.44427490234375,-26.761,-41.26,-68.021
exploit,13.300,18.400,2.014,6.647,0.350,1.300,-161.60870361328125,-138.821,-45.924,-184.745
explore,10.550,18.100,0.971,9.414,0.650,1.000,-1518.2158203125,-1016.69,-1016.69,-2033.38
exploit,10.750,17.500,0.731,8.911,1.250,0.400,-171.6092529296875,-27.068,-41.367,-68.435
exploit,13.450,17.450,1.984,6.218,1.300,0.350,-208.52001953125,-26.291,-36.393,-62.684
exploit,11.050,17.450,0.486,8.780,1.300,0.350,-99.44073486328125,-25.768,-39.667,-65.435
exploit,10.800,17.450,0.730,8.894,1.300,0.350,-29.93426513671875,-25.504,-41.4,-66.904
exploit,10.850,17.450,0.526,8.901,1.300,0.350,-54.865234375,-26.358,-40.543,-66.901
exploit,10.750,17.450,0.688,9.006,1.300,0.350,-125.24261474609375,-25.814,-41.909,-67.723
exploit,10.950,17.500,0.595,8.885,1.250,0.400,-167.052978515625,-25.704,-39.204,-64.908
exploit,10.850,17.450,0.687,8.704,1.300,0.350,-23.64886474609375,-25.573,-41.974,-67.547
exploit,10.650,17.450,0.902,8.816,1.300,0.350,13.908447265625,-27.385,-44.786,-72.171
exploit,11.150,17.450,0.836,8.702,1.300,0.350,30.44482421875,-26.147,-39.657,-65.804
exploit,10.850,17.450,0.631,8.926,1.300,0.350,-49.69696044921875,-25.567,-43.068,-68.635
exploit,11.100,17.450,0.593,8.767,1.300,0.350,-46.9619140625,-25.442,-41.845,-67.287
exploit,10.850,17.450,0.534,8.886,1.300,0.350,-49.725341796875,-26.156,-40.752,-66.908
exploit,10.900,17.450,0.829,8.906,1.300,0.350,-50.22576904296875,-26.186,-39.685,-65.871
explore,11.900,18.100,0.585,7.887,0.650,1.000,-957.72119140625,-1014.14,-1014.14,-2028.28
exploit,13.000,18.400,1.931,6.706,0.350,1.300,-216.98760986328125,-1016.67,-1016.67,-2033.35
exploit,10.800,17.450,0.732,8.995,1.300,0.350,-122.6444091796875,-26.234,-42.031,-68.265
exploit,10.900,17.450,0.489,8.885,1.300,0.350,-63.3577880859375,-26.335,-40.526,-66.861
exploit,10.900,17.450,0.646,8.862,1.300,0.350,-24.5213623046875,-25.858,-41.856,-67.714
explore,12.950,17.500,1.779,6.763,1.250,0.400,-1121.133544921875,-1013.02,-1013.02,-2026.03
exploit,10.750,17.450,0.909,8.891,1.300,0.350,-50.43231201171875,-26.171,-40.772,-66.943
exploit,10.950,17.500,0.536,8.771,1.250,0.400,-187.82470703125,-25.933,-40.031,-65.964
exploit,10.950,17.450,0.597,8.732,1.300,0.350,-62.33514404296875,-26.143,-40.243,-66.386
explore,12.350,18.350,1.280,7.276,0.400,1.250,-534.2279663085938,-25.639,-37.322,-62.961
exploit,10.650,17.450,0.659,8.812,1.300,0.350,-14.5908203125,-26.418,-40.718,-67.136
exploit,11.050,17.450,0.562,8.693,1.300,0.350,-106.75634765625,-26.559,-40.259,-66.818
exploit,11.150,17.500,0.713,8.700,1.250,0.400,-109.998779296875,-26.627,-40.731,-67.358
exploit,10.800,17.450,0.693,8.957,1.300,0.350,-76.75244140625,-26.106,-40.481,-66.587
exploit,13.400,18.400,1.952,6.179,0.350,1.300,-38.273956298828125,-142.571,-47.071,-189.642
exploit,10.800,17.450,0.636,9.111,1.300,0.350,-234.97332763671875,-26.663,-41.364,-68.027
exploit,11.100,17.500,0.276,8.711,1.250,0.400,-394.16717529296875,-25.719,-38.497,-64.216
exploit,12.500,18.400,1.406,7.220,0.350,1.300,-314.27838134765625,-1014.11,-1014.11,-2028.21
exploit,10.750,17.450,0.420,8.980,1.300,0.350,-66.536376953125,-28.327,-42.827,-71.154
exploit,11.000,17.450,0.556,8.768,1.300,0.350,-57.44921875,-25.359,-41.963,-67.322
exploit,10.800,17.550,0.585,8.702,1.200,0.450,-285.444091796875,-25.967,-42.968,-68.935
exploit,10.850,17.450,0.680,8.822,1.300,0.350,-10.587158203125,-25.007,-41.806,-66.813
exploit,11.050,17.450,0.869,8.609,1.300,0.350,-0.3138427436351776,-25.495,-40.295,-65.79
exploit,11.050,17.450,0.827,8.536,1.300,0.350,-64.58148193359375,-25.319,-40.618,-65.937
exploit,9.300,18.300,1.553,9.945,0.453,1.200,-226.842529296875,-28.522,-47.627,-76.149
exploit,10.600,17.450,0.742,8.945,1.300,0.350,-74.366455078125,-27.228,-41.329,-68.557
exploit,11.150,17.450,0.845,8.761,1.300,0.350,17.2044677734375,-26.412,-39.41,-65.822
exploit,10.850,17.450,0.771,8.579,1.300,0.350,-63.0762939453125,-26.983,-40.472,-67.455
explore,11.900,17.500,0.941,7.785,1.250,0.400,-1074.099853515625,-1013.04,-1013.04,-2026.08
exploit,11.050,17.500,0.502,8.870,1.250,0.400,-169.939208984375,-25.945,-41.759,-67.704
explore,9.400,18.200,1.906,10.294,0.570,1.100,-617.9212036132812,-1020.26,-1020.26,-2040.52
exploit,10.650,17.450,0.758,8.986,1.300,0.350,-120.0782470703125,-25.967,-40.867,-66.834
exploit,10.950,17.450,0.671,8.880,1.300,0.350,-25.2799072265625,-26.055,-40.155,-66.21
exploit,9.700,17.500,0.586,8.762,1.329,0.400,-63.4703369140625,-25.54,-42.543,-68.083
exploit,10.850,17.450,0.536,8.970,1.300,0.350,-66.3319091796875,-25.647,-40.242,-65.889
exploit,11.100,17.450,0.626,8.683,1.300,0.350,-65.9739990234375,-25.827,-42.128,-67.955
exploit,10.850,17.500,0.817,8.656,1.250,0.400,-79.7283935546875,-25.971,-42.388,-68.359
exploit,10.950,17.550,0.398,8.909,1.200,0.450,-330.0482177734375,-26.155,-40.958,-67.113
exploit,11.100,17.500,0.543,8.555,1.250,0.400,-320.9656982421875,-25.575,-42.381,-67.956
exploit,11.300,17.500,0.442,8.816,1.250,0.400,-186.9765625,-27.061,-39.559,-66.62
exploit,10.850,17.450,0.528,8.911,1.300,0.350,-40.6072998046875,-26.794,-40.194,-66.988
exploit,10.850,17.450,0.475,8.932,1.300,0.350,-46.4930419921875,-25.745,-40.34,-66.085
exploit,11.000,17.450,0.501,8.905,1.300,0.350,-40.850830078125,-26.484,-40.779,-67.263
exploit,11.000,17.450,0.618,8.681,1.300,0.350,-64.5787353515625,-26.328,-40.229,-66.557
exploit,13.250,18.400,1.838,6.695,0.350,1.300,-401.00628662109375,-1017.16,-1017.16,-2034.31
exploit,10.850,17.450,0.538,8.823,1.300,0.350,-36.5804443359375,-25.12,-40.322,-65.442
exploit,11.000,17.450,0.560,8.776,1.300,0.350,-41.936767578125,-26.004,-42.303,-68.307
exploit,11.200,17.450,0.663,8.966,1.300,0.350,-79.361328125,-26.94,-43.141,-70.081
exploit,10.850,17.500,0.727,8.816,1.250,0.400,-102.7415771484375,-26.204,-39.197,-65.401
exploit,10.650,17.450,0.886,8.649,1.300,0.350,3.90673828125,-25.684,-41.083,-66.767
exploit,11.250,17.450,0.507,8.927,1.300,0.350,-46.1512451171875,-27.487,-41.487,-68.974
exploit,10.950,17.550,0.521,8.743,1.200,0.450,-280.94677734375,-26.115,-41.914,-68.029
exploit,10.700,17.450,0.773,8.799,1.300,0.350,3.230224609375,-26.715,-40.515,-67.23
exploit,10.900,17.500,0.579,8.797,1.250,0.400,-129.1458740234375,-26.122,-39.933,-66.055
exploit,11.050,17.450,0.313,8.737,1.300,0.350,-192.4586181640625,-25.941,-40.341,-66.282
exploit,11.000,17.450,0.664,8.869,1.300,0.350,-19.959716796875,-26.76,-40.859,-67.619
exploit,10.950,17.450,0.271,8.792,1.300,0.350,-152.9554443359375,-25.819,-39.918,-65.737
exploit,10.700,17.450,0.576,9.074,1.300,0.350,-159.79144287109375,-26.147,-40.646,-66.793
exploit,11.450,17.450,0.466,8.676,1.300,0.350,-148.1116943359375,-27.211,-40.012,-67.223
exploit,10.800,17.450,0.716,8.920,1.300,0.350,-52.656982421875,-26.008,-43.109,-69.117
exploit,10.800,17.450,0.668,8.821,1.300,0.350,-8.494140625,-26.084,-41.288,-67.372
exploit,11.300,17.450,0.490,8.767,1.300,0.350,-64.995849609375,-25.98,-42.079,-68.059
exploit,10.850,17.500,0.491,8.886,1.250,0.400,-151.416748046875,-26.227,-40.131,-66.358
explore,12.650,17.550,1.713,7.042,1.200,0.450,-1406.029296875,-1014.8,-1014.8,-2029.61
exploit,10.450,17.450,0.664,9.161,1.300,0.350,-321.43841552734375,-28.742,-43.144,-71.886
exploit,11.000,17.450,0.624,8.935,1.300,0.350,-49.4462890625,-26.959,-41.359,-68.318
explore,12.600,17.950,1.669,6.886,0.800,0.850,-1613.6396484375,-134.058,-37.054,-171.112
exploit,11.350,17.450,0.683,8.773,1.300,0.350,-7.3896484375,-26.805,-39.417,-66.222
exploit,10.200,18.350,1.390,9.853,0.427,1.170,-201.52532958984375,-27.017,-41.619,-68.636
exploit,10.900,17.500,0.769,8.701,1.250,0.400,-83.0823974609375,-25.655,-40.355,-66.01
explore,12.400,17.550,1.134,7.320,1.200,0.450,-1180.699462890625,-1015.1,-1015.1,-2030.19
exploit,11.200,17.500,0.583,8.708,1.250,0.400,-149.331787109375,-27.068,-42.766,-69.834
exploit,10.800,17.450,0.896,8.888,1.300,0.350,-60.7735595703125,-26.087,-41.487,-67.574
exploit,11.400,17.450,0.725,8.697,1.300,0.350,-16.7088623046875,-26.281,-40.482,-66.763
exploit,11.050,17.450,0.453,8.706,1.300,0.350,-127.161376953125,-26.089,-39.789,-65.878
exploit,10.950,17.450,0.579,8.855,1.300,0.350,-21.57666015625,-26.322,-40.505,-66.827
exploit,10.900,17.450,0.663,8.847,1.300,0.350,-14.5599365234375,-25.022,-39.514,-64.536
exploit,10.950,17.450,0.649,8.865,1.300,0.350,-19.7052001953125,-26.842,-40.64,-67.482
explore,10.850,17.900,0.547,8.980,0.850,0.800,-1197.1666259765625,-143.864,-49.056,-192.92
exploit,11.750,17.450,0.373,8.667,1.300,0.350,-211.2259521484375,-26.048,-41.047,-67.095
exploit,11.000,17.500,0.544,8.861,1.250,0.400,-128.3974609375,-26.198,-40.498,-66.696
exploit,11.350,17.450,0.470,8.721,1.300,0.350,-105.57373046875,-26.965,-39.971,-66.936
exploit,10.900,17.500,0.484,8.803,1.250,0.400,-145.919189453125,-25.949,-39.949,-65.898
exploit,10.650,17.550,0.712,8.854,1.200,0.450,-219.7498779296875,-27.895,-41.597,-69.492
exploit,10.750,17.500,0.480,8.891,1.250,0.400,-137.01226806640625,-1014.93,-1014.93,-2029.87
exploit,10.200,17.450,0.569,9.029,1.309,0.350,-93.9530029296875,-25.97,-44.973,-70.943
explore,13.350,17.900,1.772,6.651,0.850,0.800,-1338.771484375,-132.602,-36.301,-168.903
explore,10.550,17.450,0.925,9.056,1.300,0.350,-262.9129333496094,-27.31,-44.109,-71.419
exploit,11.500,17.550,0.659,8.771,1.200,0.450,-205.48974609375,-29.203,-42.594,-71.797
exploit,10.950,17.450,0.540,8.828,1.300,0.350,-46.785980224609375,-25.726,-40.019,-65.745
exploit,11.050,17.500,0.593,8.802,1.250,0.400,-128.4271240234375,-26.129,-42.305,-68.434
exploit,10.950,17.450,0.547,8.826,1.300,0.350,-44.661285400390625,-25.754,-40.053,-65.807
exploit,10.750,17.450,0.646,9.018,1.300,0.350,-131.0152587890625,-25.293,-42.799,-68.092
exploit,11.100,17.450,0.844,8.820,1.300,0.350,-2.90673828125,-25.855,-40.157,-66.012
exploit,11.400,17.450,0.681,8.875,1.300,0.350,-28.24053955078125,-28.708,-43.003,-71.711
exploit,10.600,17.450,0.588,8.986,1.300,0.350,-92.35595703125,-27.17,-41.677,-68.847
exploit,11.350,17.450,0.816,8.591,1.300,0.350,-42.71617126464844,-26.532,-41.035,-67.567
exploit,10.900,17.450,0.642,8.765,1.300,0.350,-22.79290771484375,-26.449,-40.249,-66.698
exploit,10.850,17.450,0.594,8.654,1.300,0.350,-96.230712890625,-26.343,-40.643,-66.986
explore,11.800,17.650,0.385,8.242,1.100,0.550,-870.4494018554688,-1018.6,-1018.6,-2037.21
exploit,14.250,17.700,1.943,6.027,1.050,0.600,37.2608642578125,-1017.36,-1017.36,-2034.72
exploit,10.800,17.450,0.799,8.902,1.300,0.350,-45.882659912109375,-27.167,-41.975,-69.142
exploit,11.000,17.450,0.888,8.823,1.300,0.350,-4.4986572265625,-28.158,-40.751,-68.909
exploit,11.050,17.450,0.697,8.785,1.300,0.350,-5.14666748046875,-26.002,-42.899,-68.901
exploit,10.800,17.450,0.505,8.986,1.300,0.350,-79.7943115234375,-28.736,-41.643,-70.379
exploit,10.900,17.450,0.595,8.810,1.300,0.350,-29.727294921875,-25.525,-41.73,-67.255
exploit,10.850,17.500,0.670,8.837,1.250,0.400,-115.95562744140625,-27.047,-44.047,-71.094
exploit,10.900,17.450,0.683,8.917,1.300,0.350,-48.81304931640625,-26.815,-40.815,-67.63
exploit,11.050,17.450,0.521,8.852,1.300,0.350,-46.06005859375,-26.021,-40.219,-66.24
exploit,10.950,17.450,0.657,8.845,1.300,0.350,-18.8392333984375,-25.959,-42.356,-68.315
exploit,11.000,17.450,0.598,8.855,1.300,0.350,-29.7802734375,-25.447,-42.049,-67.496
exploit,11.150,17.500,0.558,8.962,1.250,0.400,-188.85205078125,-26.857,-40.65,-67.507
exploit,11.150,17.450,0.403,8.739,1.300,0.350,-151.13372802734375,-26.323,-41.023,-67.346
exploit,10.900,17.450,0.567,8.882,1.300,0.350,-38.682098388671875,-25.596,-42.796,-68.392
exploit,10.900,17.450,0.482,8.913,1.300,0.350,-54.36993408203125,-25.996,-40.492,-66.488
exploit,10.800,17.450,0.620,8.896,1.300,0.350,-37.844696044921875,-25.749,-40.45,-66.199
exploit,10.900,17.450,0.535,8.817,1.300,0.350,-46.74786376953125,-25.842,-40.342,-66.184
exploit,11.000,17.450,0.628,8.922,1.300,0.350,-50.268768310546875,-25.216,-42.317,-67.533
exploit,10.900,17.450,0.632,8.840,1.300,0.350,-22.497802734375,-25.021,-43.722,-68.743
exploit,10.750,17.450,0.815,9.015,1.300,0.350,-171.0469970703125,-26.576,-40.876,-67.452
exploit,11.150,17.500,0.624,8.728,1.250,0.400,-133.73541259765625,-26.307,-40.402,-66.709
exploit,10.700,17.450,0.607,9.019,1.300,0.350,-119.78018188476562,-26.447,-40.747,-67.194
exploit,11.000,17.450,0.666,8.682,1.300,0.350,-50.665740966796875,-25.209,-42.507,-67.716
exploit,10.900,17.450,0.659,8.920,1.300,0.350,-49.01593017578125,-26.336,-40.635,-66.971
exploit,11.000,17.450,0.522,8.760,1.300,0.350,-73.81900024414062,-25.934,-39.929,-65.863
exploit,10.850,17.450,0.662,8.706,1.300,0.350,-39.2801513671875,-25.438,-41.135,-66.573
exploit,10.750,17.450,0.516,9.042,1.300,0.350,-117.82244873046875,-25.292,-44.473,-69.765
exploit,10.900,17.450,0.442,8.915,1.300,0.350,-61.147308349609375,-26.458,-40.563,-67.021
exploit,10.250,18.300,1.492,9.908,0.461,1.200,-205.56201171875,-29.733,-57.136,-86.869
exploit,10.800,17.500,0.340,8.899,1.250,0.400,-193.032958984375,-26.285,-40.68,-66.965
exploit,10.900,17.450,0.809,8.822,1.300,0.350,-3.200927734375,-26.152,-40.649,-66.801
exploit,10.900,17.500,0.601,8.608,1.250,0.400,-227.5743408203125,-25.534,-42.235,-67.769
exploit,10.850,17.450,0.719,8.965,1.300,0.350,-90.79220581054688,-26.37,-40.872,-67.242
exploit,10.850,17.500,0.586,8.876,1.250,0.400,-141.13177490234375,-25.432,-41.933,-67.365
exploit,10.900,17.450,0.480,8.933,1.300,0.350,-56.150848388671875,-25.048,-42.845,-67.893
exploit,11.000,17.450,0.798,8.517,1.300,0.350,-120.6875,-25.069,-40.269,-65.338
exploit,11.100,17.450,0.853,8.730,1.300,0.350,12.967742919921875,-26.684,-52.434,-79.118
exploit,10.750,17.450,0.721,8.885,1.300,0.350,-31.571685791015625,-26.567,-42.467,-69.034
explore,12.750,18.000,1.517,7.012,0.750,0.900,-1164.811279296875,-1017.63,-1017.63,-2035.26
exploit,10.350,17.450,0.885,8.883,1.300,0.350,-48.403076171875,-26.278,-41.579,-67.857
exploit,11.100,17.450,0.562,8.945,1.300,0.350,-59.04443359375,-25.949,-41.251,-67.2
explore,9.900,17.500,1.452,9.676,1.329,0.400,-752.3521118164062,-27.047,-42.245,-69.292
exploit,10.900,17.500,0.554,8.813,1.250,0.400,-141.1328125,-26.103,-39.9,-66.003
exploit,11.050,17.450,0.478,8.792,1.300,0.350,-73.61639404296875,-26.166,-39.87,-66.036
exploit,11.050,17.450,0.664,8.823,1.300,0.350,-16.1083984375,-1013.5,-1013.5,-2027
exploit,9.700,17.450,0.620,8.647,1.376,0.350,-42.445770263671875,-1017.61,-1017.61,-2035.22
exploit,10.750,17.450,0.843,8.901,1.300,0.350,-66.7236328125,-26.109,-40.511,-66.62
exploit,13.400,18.400,2.035,6.559,0.350,1.300,-335.042724609375,-25.999,-35.698,-61.697
exploit,10.750,17.450,0.557,8.929,1.300,0.350,-66.558837890625,-29.11,-43.619,-72.729
exploit,11.250,17.450,0.915,8.673,1.300,0.350,-7.22442626953125,-26.456,-41.253,-67.709
exploit,10.950,17.450,0.691,8.864,1.300,0.350,-50.07861328125,-26.255,-40.057,-66.312
exploit,10.850,17.500,0.667,8.632,1.250,0.400,-187.01239013671875,-25.276,-41.058,-66.334
exploit,10.950,17.450,0.522,8.861,1.300,0.350,-64.79296875,-25.628,-42.015,-67.643
exploit,10.800,17.450,0.612,9.126,1.300,0.350,-237.194580078125,-27.115,-42.509,-69.624
exploit,11.050,17.450,0.436,8.680,1.300,0.350,-219.7598876953125,-25.67,-39.768,-65.438
exploit,11.100,17.450,0.641,8.777,1.300,0.350,-61.4786376953125,-26.906,-41.002,-67.908
exploit,11.400,17.450,0.937,8.720,1.300,0.350,0.2319336235523224,-27.479,-41.681,-69.16
exploit,10.850,17.600,0.570,8.936,1.150,0.500,-404.80413818359375,-1016.56,-1016.56,-2033.13
exploit,10.900,17.450,0.556,8.920,1.300,0.350,-62.37640380859375,-26.174,-40.572,-66.746
exploit,10.000,17.450,0.711,8.873,1.346,0.350,-24.0244140625,-143.253,-55.351,-198.604
exploit,10.850,17.450,0.488,8.978,1.300,0.350,-75.764404296875,-26.409,-41.81,-68.219
exploit,10.850,17.450,0.603,8.872,1.300,0.350,-60.4959716796875,-25.621,-39.722,-65.343
exploit,10.850,17.450,0.582,8.829,1.300,0.350,-62.9991455078125,-25.513,-39.815,-65.328
exploit,11.400,17.500,0.571,8.843,1.250,0.400,-171.888671875,-27.419,-41.315,-68.734
exploit,11.000,17.450,0.638,8.818,1.300,0.350,-55.510986328125,-27.106,-40.705,-67.811
exploit,10.900,17.450,0.663,8.730,1.300,0.350,-70.882568359375,-25.33,-41.928,-67.258
exploit,10.850,17.450,0.494,8.927,1.300,0.350,-64.865234375,-26.438,-40.741,-67.179
explore,10.300,17.500,1.207,9.578,1.251,0.400,-866.8970336914062,-26.501,-44.302,-70.803
exploit,11.050,17.450,0.872,8.839,1.300,0.350,-33.53924560546875,-25.58,-40.882,-66.462
exploit,10.600,17.450,0.662,9.159,1.300,0.350,-302.08837890625,-27.787,-42.088,-69.875
exploit,10.850,17.500,0.387,8.828,1.250,0.400,-203.59637451171875,-25.763,-39.866,-65.629
exploit,10.800,17.450,0.560,8.935,1.300,0.350,-73.8660888671875,-26.217,-42.914,-69.131
exploit,10.800,17.450,0.686,8.899,1.300,0.350,-68.8109130859375,-24.958,-42.557,-67.515
exploit,10.800,17.450,0.553,8.995,1.300,0.350,-98.01318359375,-26.437,-40.941,-67.378
exploit,10.750,17.450,0.522,8.970,1.300,0.350,-79.0452880859375,-26.851,-40.552,-67.403
exploit,10.850,17.450,0.637,8.912,1.300,0.350,-71.8341064453125,-26.183,-40.083,-66.266
exploit,10.650,17.450,0.586,8.800,1.300,0.350,-68.3370361328125,-25.429,-39.831,-65.26
explore,10.800,18.250,0.126,8.660,0.500,1.150,-578.8187255859375,-27.151,-40.952,-68.103
exploit,11.050,17.450,0.364,8.778,1.300,0.350,-127.97955322265625,-26.011,-40.007,-66.018
exploit,10.950,17.450,0.563,8.899,1.300,0.350,-64.32763671875,-24.723,-41.319,-66.042
exploit,10.900,17.450,0.472,8.798,1.300,0.350,-89.12957763671875,-25.815,-40.608,-66.423
exploit,11.150,17.500,0.518,8.724,1.250,0.400,-218.3388671875,-1014.56,-1014.56,-2029.13
exploit,10.800,17.450,0.630,8.940,1.300,0.350,-83.1365966796875,-26.795,-40.296,-67.091
exploit,11.100,17.450,0.765,8.686,1.300,0.350,-60.720458984375,-26.007,-41.907,-67.914
explore,9.750,17.700,0.870,9.229,1.163,0.600,-1098.850830078125,-146.775,-51.571,-198.346
exploit,11.150,17.450,0.542,8.671,1.300,0.350,-180.7421875,-25.927,-41.723,-67.65
exploit,11.000,17.500,0.574,8.774,1.250,0.400,-197.103271484375,-25.772,-42.465,-68.237
exploit,10.750,17.450,0.879,8.899,1.300,0.350,-55.24658203125,-27.744,-41.443,-69.187
exploit,10.950,17.450,0.536,8.966,1.300,0.350,-81.8516845703125,-26.818,-40.617,-67.435
exploit,11.050,17.450,0.517,8.818,1.300,0.350,-87.711181640625,-25.612,-40.013,-65.625
exploit,10.800,17.450,0.760,8.866,1.300,0.350,-53.95068359375,-1015.08,-1015.08,-2030.16
exploit,10.800,17.450,0.607,8.894,1.300,0.350,-70.803955078125,-27.099,-40.5,-67.599
explore,12.550,17.850,0.825,7.447,0.900,0.750,-1160.748291015625,-135.748,-37.35,-173.098
exploit,11.150,17.500,0.515,8.711,1.250,0.400,-251.71630859375,-1016.31,-1016.31,-2032.63
exploit,10.750,17.450,0.696,8.871,1.300,0.350,-77.3203125,-25.342,-42.428,-67.77
exploit,10.850,17.500,0.648,8.894,1.250,0.400,-200.34765625,-25.351,-42.551,-67.902
exploit,10.850,17.500,0.861,9.000,1.250,0.400,-258.563232421875,-26.778,-42.383,-69.161
exploit,10.850,17.500,0.549,8.897,1.250,0.400,-203.376220703125,-25.83,-40.227,-66.057
exploit,11.250,17.450,0.610,9.006,1.300,0.350,-117.7314453125,-27.943,-41.542,-69.485
exploit,10.800,17.450,0.545,8.975,1.300,0.350,-86.624267578125,-25.608,-40.198,-65.806
exploit,11.400,17.450,0.594,8.827,1.300,0.350,-88.571044921875,-27.104,-40.004,-67.108
exploit,10.700,17.450,0.694,9.074,1.300,0.350,-191.17919921875,-26.385,-41.154,-67.539
exploit,10.550,17.450,1.033,9.087,1.300,0.350,-209.719970703125,-27.042,-41.943,-68.985
exploit,10.950,17.450,0.678,8.814,1.300,0.350,-77.116943359375,-25.376,-42.086,-67.462
exploit,10.600,17.450,0.683,9.091,1.300,0.350,-200.818603515625,-26.533,-41.135,-67.668
exploit,10.750,17.450,0.638,9.112,1.300,0.350,-203.66552734375,-26.651,-40.954,-67.605
exploit,10.600,17.450,0.635,9.140,1.300,0.350,-226.989990234375,-26.321,-41.516,-67.837
exploit,10.800,17.550,0.726,8.742,1.200,0.450,-254.393310546875,-25.447,-42.746,-68.193
exploit,10.800,17.450,0.738,8.962,1.300,0.350,-106.587890625,-25.572,-40.371,-65.943
exploit,10.900,17.500,0.549,8.960,1.250,0.400,-207.527099609375,-33.04,-48.851,-81.891
exploit,10.700,17.500,0.688,9.023,1.250,0.400,-263.89892578125,-26.55,-40.612,-67.162
explore,12.350,17.900,1.296,7.328,0.850,0.800,-1057.72216796875,-133.853,-36.151,-170.004
exploit,11.050,17.450,0.312,8.761,1.300,0.350,-177.83837890625,-25.601,-39.799,-65.4
exploit,11.000,17.500,0.531,8.767,1.250,0.400,-233.84716796875,-26.239,-42.938,-69.177
exploit,10.650,17.500,0.692,8.726,1.250,0.400,-178.851318359375,-25.675,-43.184,-68.859
exploit,11.050,17.450,0.850,8.793,1.300,0.350,-35.9765625,-26.379,-40.383,-66.762
exploit,10.700,17.450,0.702,8.969,1.300,0.350,-105.303955078125,-25.37,-40.471,-65.841
exploit,10.600,17.450,0.843,9.109,1.300,0.350,-240.680419921875,-26.132,-41.331,-67.463
exploit,10.900,17.550,0.514,8.864,1.200,0.450,-327.56787109375,-27.021,-43.023,-70.044
exploit,10.550,17.450,0.768,9.144,1.300,0.350,-264.53466796875,-26.059,-40.458,-66.517
exploit,10.850,17.450,0.322,8.844,1.300,0.350,-89.73583984375,-25.86,-40.461,-66.321
exploit,11.100,17.450,0.585,8.781,1.300,0.350,-104.744140625,-25.784,-40.381,-66.165
exploit,11.000,17.450,0.605,8.789,1.300,0.350,-96.794189453125,-1021.82,-1021.82,-2043.63
exploit,10.650,17.450,0.612,9.046,1.300,0.350,-126.013671875,-26.706,-41.702,-68.408
exploit,11.050,17.450,0.514,8.782,1.300,0.350,-133.317138671875,-25.651,-40.052,-65.703
exploit,10.850,17.450,0.621,8.986,1.300,0.350,-101.649658203125,-25.861,-40.372,-66.233
exploit,11.050,17.450,0.921,8.815,1.300,0.350,-22.2978515625,-27.212,-39.923,-67.135
exploit,10.900,17.500,0.682,9.038,1.250,0.400,-263.05322265625,-27.063,-43.169,-70.232
exploit,10.900,17.500,0.566,8.798,1.250,0.400,-212.72998046875,-26.166,-39.667,-65.833
explore,12.600,18.050,0.845,7.684,0.700,0.950,-1077.37744140625,-141.802,-167.304,-309.106
exploit,10.750,17.450,0.695,8.999,1.300,0.350,-119.220458984375,-25.357,-42.361,-67.718
exploit,10.750,17.450,0.783,9.045,1.300,0.350,-161.7890625,-26.762,-41.055,-67.817
exploit,10.800,17.500,0.488,8.910,1.250,0.400,-188.268798828125,-25.498,-40.209,-65.707
exploit,10.250,18.350,1.412,9.852,0.412,1.250,-92.2415771484375,-30.401,-45.53,-75.931
exploit,10.850,17.450,0.463,8.836,1.300,0.350,-100.570556640625,-25.793,-40.292,-66.085
exploit,10.800,17.500,0.539,8.975,1.250,0.400,-197.05908203125,-26.485,-40.691,-67.176
exploit,10.800,17.450,0.615,9.049,1.300,0.350,-125.79638671875,-26.835,-40.822,-67.657
exploit,10.800,17.450,0.710,8.970,1.300,0.350,-104.3701171875,-26.971,-40.469,-67.44
exploit,11.000,17.550,0.407,8.874,1.200,0.450,-319.07177734375,-1023.05,-1023.05,-2046.1
exploit,10.750,17.450,0.633,9.042,1.300,0.350,-125.53271484375,-26.651,-41.451,-68.102
exploit,10.750,17.450,0.624,8.949,1.300,0.350,-88.04248046875,-25.557,-40.259,-65.816
exploit,11.150,17.450,0.494,8.778,1.300,0.350,-143.81396484375,-26.907,-40.604,-67.511
exploit,10.900,17.450,0.546,8.948,1.300,0.350,-80.86962890625,-25.734,-42.162,-67.896
exploit,11.400,17.450,0.649,8.936,1.300,0.350,-85.658203125,-27.779,-40.596,-68.375
exploit,11.150,17.450,0.967,8.680,1.300,0.350,-7.197021484375,-26.017,-49.82,-75.837
exploit,11.050,17.450,0.569,8.970,1.300,0.350,-85.478515625,-26.439,-41.037,-67.476
exploit,11.050,17.500,0.353,8.808,1.250,0.400,-273.65966796875,-26.174,-40.574,-66.748
exploit,11.150,17.450,0.861,9.087,1.300,0.350,-195.616455078125,-27.308,-41.902,-69.21
exploit,11.050,17.450,0.484,8.808,1.300,0.350,-122.45263671875,-25.499,-41.899,-67.398
exploit,11.050,17.450,0.635,8.798,1.300,0.350,-95.78759765625,-27.019,-40.119,-67.138
explore,11.750,17.850,0.508,7.917,0.900,0.750,-997.6293334960938,-200,-200,-400
exploit,11.150,17.450,0.815,8.646,1.300,0.350,-84.460693359375,-25.999,-40.699,-66.698
exploit,10.250,18.350,1.515,9.936,0.412,1.250,-109.51416015625,-26.047,-47.346,-73.393
exploit,10.700,17.450,0.625,8.890,1.300,0.350,-80.2294921875,-27.471,-41.379,-68.85
exploit,10.900,17.450,0.382,8.851,1.300,0.350,-103.40966796875,-26.498,-40.3,-66.798
exploit,11.100,17.450,0.331,8.627,1.300,0.350,-356.575439453125,-26.42,-39.52,-65.94
exploit,10.700,18.250,0.424,8.901,0.500,1.150,-417.3662109375,-1022.56,-1022.56,-2045.13
exploit,11.000,17.450,0.266,8.681,1.300,0.350,-278.5419921875,-25.977,-40.901,-66.878
exploit,10.850,17.450,0.482,8.901,1.300,0.350,-78.73388671875,-25.889,-40.502,-66.391
exploit,10.700,17.500,0.689,8.943,1.250,0.400,-203.5478515625,-25.353,-42.743,-68.096
exploit,10.650,17.450,0.686,9.138,1.300,0.350,-217.131591796875,-26.82,-41.019,-67.839
exploit,10.850,17.450,0.743,9.045,1.300,0.350,-147.83544921875,-26.661,-43.971,-70.632
exploit,10.900,17.450,0.602,8.690,1.300,0.350,-165.43603515625,-25.044,-41.745,-66.789
exploit,10.700,17.500,0.735,8.946,1.250,0.400,-196.31103515625,-26.301,-41,-67.301
exploit,10.750,17.500,0.696,9.051,1.250,0.400,-270.344482421875,-25.643,-42.844,-68.487
explore,10.200,17.700,1.120,9.643,1.061,0.600,-1303.650390625,-144.365,-200,-344.365
exploit,11.050,17.450,0.612,8.981,1.300,0.350,-91.16259765625,-26.564,-40.962,-67.526
exploit,10.200,18.350,1.437,9.935,0.427,1.170,-117.5333251953125,-27.978,-58.386,-86.364
exploit,10.950,17.450,0.569,8.834,1.300,0.350,-93.708984375,-25.454,-42.558,-68.012
exploit,10.700,17.450,0.742,8.722,1.300,0.350,-86.78076171875,-24.942,-42.142,-67.084
exploit,11.050,17.450,0.694,8.795,1.300,0.350,-80.453125,-27.611,-40.207,-67.818
exploit,10.850,17.450,0.727,9.015,1.300,0.350,-121.474609375,-26.224,-44.218,-70.442
exploit,11.300,17.450,0.466,8.969,1.300,0.350,-65.9267578125,-27.836,-41.936,-69.772
exploit,10.550,17.450,0.878,9.121,1.300,0.350,-211.950439453125,-26.067,-40.665,-66.732
explore,11.400,17.600,0.262,8.310,1.150,0.500,-1023.7830810546875,-1029.5,-1029.5,-2058.99
exploit,11.100,17.450,0.551,8.649,1.300,0.350,-221.75537109375,-26.011,-39.813,-65.824
explore,10.500,17.750,0.929,9.404,1.000,0.650,-1398.287841796875,-1024.43,-1024.43,-2048.86
exploit,11.200,17.450,0.814,8.863,1.300,0.350,-53.0341796875,-25.45,-42.536,-67.986
exploit,10.950,17.500,0.487,8.829,1.250,0.400,-226.5830078125,-26.013,-39.835,-65.848
explore,13.050,17.450,1.685,6.666,1.300,0.350,-1094.83642578125,-26.32,-37.348,-63.668
exploit,10.950,17.450,0.512,8.778,1.300,0.350,-129.1767578125,-26.073,-40.072,-66.145
exploit,10.800,17.450,0.754,8.863,1.300,0.350,-60.947265625,-26.255,-41.452,-67.707
exploit,11.050,17.450,0.497,8.918,1.300,0.350,-67.29931640625,-26.649,-43.757,-70.406
exploit,10.950,17.450,0.592,8.795,1.300,0.350,-99.869140625,-25.286,-41.993,-67.279
exploit,11.450,17.450,0.914,8.816,1.300,0.350,-25.07568359375,-27.37,-41.876,-69.246
exploit,11.000,17.450,0.808,9.100,1.300,0.350,-197.8486328125,-26.902,-40.703,-67.605
exploit,10.700,17.450,0.614,8.959,1.300,0.350,-81.904296875,-26.761,-41.46,-68.221
exploit,10.850,17.450,0.681,8.883,1.300,0.350,-70.43115234375,-25.867,-39.874,-65.741
exploit,10.950,17.500,0.375,8.863,1.250,0.400,-219.50732421875,-26.471,-39.871,-66.342
exploit,11.000,17.450,0.518,8.764,1.300,0.350,-137.23779296875,-1023.95,-1023.95,-2047.89
exploit,11.000,17.500,0.591,8.810,1.250,0.400,-203.205078125,-26.815,-39.814,-66.629
exploit,10.950,17.500,0.587,8.962,1.250,0.400,-209.376953125,-29.232,-45.931,-75.163
exploit,11.050,17.450,0.727,8.972,1.300,0.350,-96.26806640625,-26.311,-43.209,-69.52
exploit,11.100,17.500,0.497,8.889,1.250,0.400,-206.8076171875,-26.841,-40.643,-67.484
exploit,10.900,17.450,0.608,9.019,1.300,0.350,-101.73779296875,-25.136,-42.336,-67.472
exploit,10.800,17.450,0.697,8.937,1.300,0.350,-82.2783203125,-26.489,-40.584,-67.073
exploit,10.750,17.500,0.862,8.912,1.250,0.400,-145.353515625,-25.88,-41.381,-67.261
exploit,10.550,17.450,0.835,9.251,1.300,0.350,-354.673828125,-26.917,-41.014,-67.931
exploit,11.000,17.450,0.668,8.604,1.300,0.350,-215.9921875,-27.209,-41.211,-68.42
exploit,10.850,17.450,0.792,8.968,1.300,0.350,-90.09423828125,-26.083,-42.688,-68.771
exploit,11.000,17.450,0.419,8.843,1.300,0.350,-107.0947265625,-26.434,-40.839,-67.273
exploit,10.700,17.450,0.729,9.094,1.300,0.350,-170.599609375,-25.425,-42.524,-67.949
explore,12.400,17.550,1.156,7.329,1.200,0.450,-1272.677734375,-1027.33,-1027.33,-2054.66
exploit,10.600,17.450,0.746,9.000,1.300,0.350,-106.6455078125,-25.227,-43.03,-68.257
exploit,10.750,17.450,0.717,9.000,1.300,0.350,-105.1357421875,-26.259,-40.465,-66.724
exploit,11.000,17.450,0.692,8.850,1.300,0.350,-72.908203125,-26.051,-40.15,-66.201
exploit,10.650,17.500,0.628,9.074,1.250,0.400,-267.080078125,-26.806,-40.908,-67.714
exploit,10.250,17.450,0.936,8.952,1.304,0.350,-65.138427734375,-26.504,-41.812,-68.316
exploit,10.900,17.500,0.823,8.724,1.250,0.400,-108.81298828125,-26.269,-40.472,-66.741
exploit,11.050,17.450,0.539,8.727,1.300,0.350,-176.28271484375,-26.135,-40.534,-66.669
exploit,11.050,17.500,0.462,8.767,1.250,0.400,-277.8359375,-25.812,-41.813,-67.625
exploit,10.800,17.450,0.783,8.869,1.300,0.350,-57.14013671875,-26.994,-42.383,-69.377
exploit,10.900,17.450,0.785,9.021,1.300,0.350,-119.1064453125,-27.231,-41.733,-68.964
exploit,10.850,17.450,0.558,8.927,1.300,0.350,-74.271484375,-25.472,-42.873,-68.345
exploit,11.000,17.500,0.556,8.742,1.250,0.400,-253.46337890625,-25.405,-42.304,-67.709
exploit,10.800,17.500,0.369,8.873,1.250,0.400,-212.259765625,-25.871,-40.371,-66.242
exploit,10.650,17.450,0.695,9.075,1.300,0.350,-146.1630859375,-25.914,-40.916,-66.83
exploit,11.000,17.450,0.693,8.850,1.300,0.350,-71.62158203125,-26.02,-42.421,-68.441
exploit,11.100,17.500,0.531,8.862,1.250,0.400,-203.47998046875,-26.421,-40.624,-67.045
exploit,10.800,17.450,0.410,8.831,1.300,0.350,-111.84375,-26.995,-40.099,-67.094
exploit,10.900,17.450,0.632,8.800,1.300,0.350,-95.5703125,-26.143,-42.844,-68.987
exploit,10.550,17.450,0.621,9.161,1.300,0.350,-190.086669921875,-25.926,-40.826,-66.752
exploit,11.150,17.450,0.613,8.847,1.300,0.350,-83.7265625,-27.239,-41.037,-68.276
exploit,10.500,17.450,0.938,9.154,1.300,0.350,-227.15087890625,-26.418,-40.92,-67.338
exploit,10.900,17.450,0.699,8.938,1.300,0.350,-78.29638671875,-25.191,-42.496,-67.687
exploit,10.850,17.450,0.577,8.868,1.300,0.350,-82.4013671875,-25.809,-40.307,-66.116
exploit,10.250,18.350,1.355,9.768,0.412,1.250,-155.06912231445312,-28.026,-46.129,-74.155
exploit,10.850,17.450,0.435,8.944,1.300,0.350,-52.77197265625,-26.26,-40.558,-66.818
exploit,10.950,17.450,0.551,8.771,1.300,0.350,-133.4404296875,-1032.29,-1032.29,-2064.57
exploit,10.750,17.450,1.022,9.101,1.300,0.350,-158.977783203125,-25.717,-42.719,-68.436
exploit,11.100,17.450,0.421,8.750,1.300,0.350,-200.2685546875,-25.835,-42.033,-67.868
exploit,10.800,17.450,0.711,8.879,1.300,0.350,-73.47021484375,-26.759,-40.458,-67.217
exploit,10.600,17.450,0.712,8.981,1.300,0.350,-93.547607421875,-26.606,-41.311,-67.917
explore,12.600,17.450,1.414,7.128,1.300,0.350,-1261.29443359375,-1031.85,-1031.85,-2063.7
exploit,10.750,17.500,0.578,9.056,1.250,0.400,-233.290283203125,-25.911,-41.215,-67.126
exploit,11.000,17.450,0.494,8.895,1.300,0.350,-82.1025390625,-26.045,-40.242,-66.287
exploit,10.200,18.350,1.535,9.912,0.427,1.170,-182.15911865234375,-27.11,-44.405,-71.515
exploit,10.800,17.450,0.502,8.870,1.300,0.350,-92.9560546875,-26.023,-40.21,-66.233
exploit,10.500,17.450,0.827,9.159,1.300,0.350,-224.83154296875,-27.233,-42.331,-69.564
exploit,10.550,17.450,0.941,9.150,1.300,0.350,-208.2802734375,-26.95,-42.252,-69.202
exploit,10.350,17.450,0.872,9.089,1.300,0.350,-157.34228515625,-25.29,-43.692,-68.982
exploit,10.750,17.450,0.732,8.979,1.300,0.350,-90.4384765625,-26.354,-40.753,-67.107
explore,10.350,17.950,0.952,9.440,0.800,0.850,-1769.5595703125,-168.591,-141.293,-309.884
exploit,11.100,17.500,0.695,8.710,1.250,0.400,-194.7607421875,-26.451,-39.862,-66.313
exploit,10.550,17.450,0.550,9.028,1.300,0.350,-82.014892578125,-1001.96,-1001.96,-2003.92
exploit,10.650,17.450,0.722,9.073,1.300,0.350,-139.541259765625,-26.21,-40.811,-67.021
exploit,10.850,17.450,0.637,8.970,1.300,0.350,-96.725830078125,-25.273,-42.168,-67.441
exploit,11.100,17.500,0.476,8.874,1.250,0.400,-217.96044921875,-25.647,-39.653,-65.3
exploit,11.000,17.450,0.572,8.932,1.300,0.350,-90.2705078125,-26.168,-40.566,-66.734
exploit,10.750,17.450,0.853,8.901,1.300,0.350,-44.345947265625,-25.705,-41.103,-66.808
explore,13.100,17.450,2.034,6.652,1.300,0.350,-843.2022094726562,-1003.51,-1003.51,-2007.01
exploit,10.850,17.500,0.652,9.010,1.250,0.400,-227.94677734375,-25.943,-42.644,-68.587
exploit,10.850,17.500,0.570,8.938,1.250,0.400,-204.94580078125,-26.225,-40.825,-67.05
exploit,10.900,17.450,1.016,8.982,1.300,0.350,-47.2987060546875,-27.382,-41.788,-69.17
exploit,11.200,17.450,0.398,8.824,1.300,0.350,-131.008544921875,-1003.09,-1003.09,-2006.17
exploit,10.950,17.450,0.611,8.940,1.300,0.350,-88.919921875,-26.28,-40.573,-66.853
exploit,10.750,17.450,0.719,8.875,1.300,0.350,-69.109375,-1004.92,-1004.92,-2009.83
exploit,10.200,18.300,1.410,9.930,0.474,1.200,-130.82000732421875,-29.509,-44.81,-74.319
exploit,10.150,18.350,1.477,9.988,0.447,0.985,-241.26953125,-1003.82,-1003.82,-2007.65
exploit,10.800,17.450,0.775,8.882,1.300,0.350,-68.056396484375,-25.769,-40.065,-65.834
exploit,10.800,17.450,0.457,8.878,1.300,0.350,-118.626708984375,-1005.49,-1005.49,-2010.97
explore,12.250,17.600,1.077,7.510,1.150,0.500,-1372.731201171875,-1038.46,-1038.46,-2076.91
exploit,10.850,17.450,0.720,8.967,1.300,0.350,-98.5908203125,-1006.74,-1006.74,-2013.47
exploit,10.550,17.450,0.846,8.824,1.300,0.350,-40.50341796875,-26.589,-41.675,-68.264
explore,10.450,17.550,0.766,9.280,1.200,0.450,-623.574951171875,-28.844,-43.673,-72.517
exploit,10.850,17.450,0.623,8.947,1.300,0.350,-114.315673828125,-1003.58,-1003.58,-2007.17
exploit,11.000,17.450,0.607,8.856,1.300,0.350,-121.640380859375,-25.576,-42.075,-67.651
exploit,10.800,17.450,0.839,8.839,1.300,0.350,-57.1943359375,-1003,-1003,-2006
exploit,10.650,17.450,0.728,9.025,1.300,0.350,-140.048828125,-26.53,-40.934,-67.464
exploit,10.900,17.500,0.494,8.916,1.250,0.400,-228.569091796875,-25.508,-40.01,-65.518
exploit,10.850,17.500,0.610,8.821,1.250,0.400,-214.89306640625,-1007.34,-1007.34,-2014.68
exploit,10.900,17.450,0.650,9.008,1.300,0.350,-137.42333984375,-25.183,-40.178,-65.361
exploit,10.500,17.500,0.782,9.057,1.250,0.400,-259.636962890625,-26.911,-41.812,-68.723
exploit,10.800,17.500,0.619,8.992,1.250,0.400,-238.316650390625,-1006.96,-1006.96,-2013.92
exploit,10.650,17.450,0.782,9.075,1.300,0.350,-165.84423828125,-25.395,-40.379,-65.774
exploit,10.900,17.450,0.362,8.757,1.300,0.350,-234.0751953125,-1006.9,-1006.9,-2013.8
exploit,11.050,17.450,0.676,8.664,1.300,0.350,-176.4755859375,-26.748,-40.438,-67.186
exploit,10.950,17.500,0.502,8.841,1.250,0.400,-271.62109375,-26.526,-40.828,-67.354
exploit,11.300,17.500,0.561,8.798,1.250,0.400,-263.1904296875,-1004.39,-1004.39,-2008.77
exploit,10.850,17.450,0.757,8.936,1.300,0.350,-117.076171875,-26.993,-40.993,-67.986
exploit,10.650,17.450,0.824,9.056,1.300,0.350,-153.8955078125,-24.906,-41.806,-66.712
exploit,10.700,17.450,0.921,8.963,1.300,0.350,-93.97998046875,-1006.03,-1006.03,-2012.07
exploit,10.950,17.450,0.635,8.942,1.300,0.350,-135.6923828125,-25.077,-42.874,-67.951
explore,11.450,17.750,0.186,8.247,1.000,0.650,-1122.463134765625,-1011.66,-1011.66,-2023.33
exploit,10.600,17.450,0.787,9.278,1.300,0.350,-302.123046875,-26.512,-42.621,-69.133
exploit,10.850,17.450,0.356,8.866,1.300,0.350,-179.3720703125,-1008.25,-1008.25,-2016.5
exploit,10.000,17.450,0.712,9.133,1.346,0.350,-145.77734375,-26.267,-42.468,-68.735
exploit,10.950,17.450,0.577,8.816,1.300,0.350,-169.7939453125,-1012.26,-1012.26,-2024.53
exploit,10.450,17.450,0.727,9.173,1.300,0.350,-212.625,-27.162,-42.161,-69.323
exploit,11.000,17.500,0.764,8.821,1.250,0.400,-183.5126953125,-1006.4,-1006.4,-2012.8
explore,12.400,17.600,1.597,7.056,1.150,0.500,-1552.46533203125,-26.667,-38.667,-65.334
exploit,11.100,17.500,0.519,8.902,1.250,0.400,-275.63134765625,-1010.8,-1010.8,-2021.6
exploit,10.900,17.450,0.596,8.936,1.300,0.350,-148.69580078125,-27.531,-42.436,-69.967
exploit,10.250,18.350,1.360,9.928,0.412,1.250,-85.30447387695312,-1003.3,-1003.3,-2006.59
exploit,10.850,17.450,0.777,9.115,1.300,0.350,-186.046875,-26.572,-43.28,-69.852
exploit,10.200,18.350,1.496,9.916,0.427,1.170,-376.4791259765625,-1012.41,-1012.41,-2024.83
exploit,10.950,17.500,0.710,8.905,1.250,0.400,-244.78955078125,-26.602,-43.202,-69.804
exploit,10.850,17.450,0.459,8.954,1.300,0.350,-163.65380859375,-1007.47,-1007.47,-2014.93
exploit,10.800,17.450,0.682,8.965,1.300,0.350,-145.45361328125,-26.343,-41.14,-67.483
exploit,11.000,17.450,0.548,8.822,1.300,0.350,-200.06591796875,-1009.25,-1009.25,-2018.51
exploit,10.900,17.450,0.536,8.958,1.300,0.350,-171.892578125,-27.597,-41.891,-69.488
exploit,11.000,17.450,0.674,8.684,1.300,0.350,-181.14599609375,-1009.17,-1009.17,-2018.34
exploit,10.300,17.450,0.778,9.061,1.301,0.350,-163.27490234375,-26.987,-42.19,-69.177
exploit,11.150,17.450,0.448,8.973,1.300,0.350,-185.271484375,-1011.79,-1011.79,-2023.59
exploit,10.400,17.450,0.742,9.152,1.300,0.350,-190.83740234375,-27.592,-42.487,-70.079
exploit,11.000,17.450,0.732,9.137,1.300,0.350,-187.90283203125,-26.845,-41.346,-68.191
exploit,11.250,17.450,0.828,8.941,1.300,0.350,-128.1494140625,-1010.92,-1010.92,-2021.84
exploit,10.200,17.450,0.615,9.114,1.309,0.350,-175.48291015625,-27.372,-42.169,-69.541
exploit,10.800,17.450,0.601,8.993,1.300,0.350,-175.2607421875,-1016.81,-1016.81,-2033.62
exploit,10.500,17.450,0.778,9.232,1.300,0.350,-228.0400390625,-26.34,-41.038,-67.378
exploit,10.800,17.500,0.602,9.028,1.250,0.400,-298.91259765625,-1015.8,-1015.8,-2031.61
exploit,10.750,17.450,0.438,8.832,1.300,0.350,-271.70703125,-25.453,-40.553,-66.006
exploit,10.800,17.450,0.687,8.946,1.300,0.350,-172.60107421875,-1013.29,-1013.29,-2026.57
exploit,10.850,17.450,0.677,9.000,1.300,0.350,-180.22802734375,-25.962,-40.659,-66.621
exploit,10.900,17.450,0.561,8.827,1.300,0.350,-223.8720703125,-1015.75,-1015.75,-2031.5
exploit,10.850,17.450,0.578,8.875,1.300,0.350,-210.1591796875,-25.969,-40.369,-66.338
exploit,10.800,17.500,0.803,9.181,1.250,0.400,-349.76416015625,-1006.41,-1006.41,-2012.83
exploit,10.750,17.500,0.743,8.906,1.250,0.400,-258.68115234375,-25.94,-44.738,-70.678
exploit,10.950,17.450,0.963,9.147,1.300,0.350,-222.45849609375,-1009.28,-1009.28,-2018.57
exploit,10.900,17.450,0.712,8.964,1.300,0.350,-185.10302734375,-28.284,-41.885,-70.169
exploit,11.150,17.500,0.615,8.937,1.250,0.400,-306.03369140625,-1015.08,-1015.08,-2030.16
exploit,10.750,17.450,0.730,8.947,1.300,0.350,-183.3974609375,-25.607,-42.808,-68.415
explore,10.450,18.000,0.768,9.337,0.750,0.900,-1622.2896728515625,-1016.04,-1016.04,-2032.07
exploit,13.350,18.400,1.882,6.344,0.350,1.300,-234.27984619140625,-1013.1,-1013.1,-2026.19
exploit,10.900,17.450,0.694,8.930,1.300,0.350,-188.47314453125,-26.864,-41.86,-68.724
explore,11.650,17.900,0.266,8.322,0.850,0.800,-990.5399169921875,-1017.64,-1017.64,-2035.27
explore,9.800,17.850,1.460,10.012,1.055,0.750,-1149.339111328125,-1059.05,-1059.05,-2118.09
exploit,10.800,17.450,0.765,8.993,1.300,0.350,-197.99755859375,-27.345,-39.828,-67.173
exploit,10.950,17.450,0.499,8.912,1.300,0.350,-231.20263671875,-26.221,-40.822,-67.043
exploit,10.350,17.450,0.861,9.398,1.300,0.350,-388.06201171875,-29.075,-43.876,-72.951
explore,10.350,17.700,0.853,9.445,1.050,0.600,-1231.6513671875,-1017.7,-1017.7,-2035.4
exploit,10.850,17.450,0.989,8.804,1.300,0.350,-114.29248046875,-26.031,-41.33,-67.361
exploit,10.950,17.450,0.862,8.483,1.300,0.350,-117.40966796875,-1015.51,-1015.51,-2031.02
exploit,10.750,17.450,0.732,9.024,1.300,0.350,-205.9580078125,-25.272,-39.973,-65.245
exploit,10.550,17.450,0.818,9.341,1.300,0.350,-367.836181640625,-1021.12,-1021.12,-2042.23
exploit,10.750,17.500,0.721,8.949,1.250,0.400,-293.63916015625,-26.105,-40.798,-66.903
exploit,10.550,17.450,0.658,9.207,1.300,0.350,-323.1123046875,-1017.3,-1017.3,-2034.6
exploit,10.800,17.450,0.842,8.882,1.300,0.350,-147.07080078125,-26.269,-40.778,-67.047
exploit,10.800,17.450,0.703,8.936,1.300,0.350,-178.0439453125,-1017.06,-1017.06,-2034.12
explore,10.550,17.550,0.808,8.802,1.200,0.450,-286.1923828125,-25.466,-39.673,-65.139
explore,10.100,17.600,1.368,9.616,1.177,0.500,-852.1515502929688,-1019.64,-1019.64,-2039.29
exploit,11.050,17.450,0.910,8.740,1.300,0.350,-126.3466796875,-26.911,-40.706,-67.617
exploit,10.800,17.500,0.686,8.917,1.250,0.400,-282.5703125,-1022,-1022,-2043.99
exploit,10.900,17.450,0.492,8.934,1.300,0.350,-235.0498046875,-25.779,-40.478,-66.257
explore,12.250,18.000,0.593,7.899,0.750,0.900,-945.6082763671875,-1015.94,-1015.94,-2031.89
exploit,11.050,17.450,0.721,9.061,1.300,0.350,-251.1416015625,-26.867,-43.769,-70.636
exploit,10.750,17.550,0.638,8.944,1.200,0.450,-447.2998046875,-1022.99,-1022.99,-2045.98
exploit,10.950,17.450,0.907,8.923,1.300,0.350,-159.6826171875,-27.095,-42.596,-69.691
exploit,10.900,17.500,0.813,8.862,1.250,0.400,-251.53564453125,-1015.44,-1015.44,-2030.88
exploit,11.000,17.450,0.856,8.696,1.300,0.350,-140.18505859375,-26.034,-39.635,-65.669
exploit,10.800,17.500,0.636,9.026,1.250,0.400,-388.8076171875,-26.117,-41.014,-67.131
exploit,10.800,17.450,0.742,8.869,1.300,0.350,-175.9765625,-1020.9,-1020.9,-2041.79
exploit,10.900,17.450,0.848,8.874,1.300,0.350,-160.5703125,-26.216,-41.424,-67.64
exploit,10.900,17.450,0.688,8.844,1.300,0.350,-194.49169921875,-1023.45,-1023.45,-2046.91
exploit,11.050,17.450,0.690,8.785,1.300,0.350,-196.056640625,-26.314,-40.611,-66.925
exploit,10.700,17.450,0.702,9.006,1.300,0.350,-234.6259765625,-1023.22,-1023.22,-2046.45
explore,9.950,18.050,1.307,9.715,0.806,0.950,-1241.0177001953125,-26.577,-46.078,-72.655
exploit,11.450,17.450,0.542,8.869,1.300,0.350,-234.8330078125,-1022.53,-1022.53,-2045.06
exploit,10.950,17.500,0.429,8.792,1.250,0.400,-396.64794921875,-25.743,-41.746,-67.489
explore,12.050,17.700,0.436,8.125,1.050,0.600,-1236.68603515625,-1023.47,-1023.47,-2046.95
exploit,10.800,17.450,0.612,8.957,1.300,0.350,-238.00634765625,-25.741,-40.445,-66.186
exploit,10.900,17.450,0.648,8.940,1.300,0.350,-231.025390625,-1024.07,-1024.07,-2048.14
exploit,11.200,17.450,0.718,8.719,1.300,0.350,-209.2978515625,-25.974,-40.156,-66.13
exploit,11.050,17.450,0.548,8.796,1.300,0.350,-257.6025390625,-1027.93,-1027.93,-2055.86
exploit,11.100,17.500,0.576,8.847,1.250,0.400,-356.15380859375,-26.827,-40.425,-67.252
exploit,11.650,17.450,0.507,8.757,1.300,0.350,-293.9150390625,-1021.05,-1021.05,-2042.11
exploit,10.950,17.450,0.705,8.683,1.300,0.350,-231.408203125,-27.228,-40.529,-67.757
exploit,10.600,17.450,0.840,9.211,1.300,0.350,-382.90869140625,-25.917,-43.518,-69.435
exploit,11.400,17.450,0.502,8.704,1.300,0.350,-338.5673828125,-1024.59,-1024.59,-2049.19
exploit,10.450,17.450,0.832,8.895,1.300,0.350,-192.220703125,-27.526,-42.332,-69.858
explore,9.600,18.050,1.733,10.242,0.783,0.950,-1191.2750244140625,-1026.83,-1026.83,-2053.66
exploit,11.050,17.450,0.820,9.165,1.300,0.350,-339.25390625,-1017.25,-1017.25,-2034.49
exploit,10.500,17.450,0.935,9.127,1.300,0.350,-304.74560546875,-26.675,-40.859,-67.534
exploit,10.750,17.500,0.681,8.908,1.250,0.400,-344.4453125,-27.599,-41.501,-69.1
exploit,10.800,17.450,0.797,8.978,1.300,0.350,-235.6982421875,-1031.15,-1031.15,-2062.3
exploit,11.050,17.450,0.607,8.770,1.300,0.350,-271.7978515625,-26.319,-40.317,-66.636
exploit,10.900,17.450,0.620,8.939,1.300,0.350,-253.5771484375,-1029.28,-1029.28,-2058.56
exploit,11.200,17.450,0.675,8.942,1.300,0.350,-248.42431640625,-26.295,-40.293,-66.588
exploit,11.000,17.500,0.749,8.732,1.250,0.400,-277.876953125,-1024,-1024,-2048
exploit,10.900,17.450,0.522,9.012,1.300,0.350,-262.62158203125,-25.853,-40.749,-66.602
exploit,13.950,18.400,1.918,5.904,0.350,1.300,-163.94381713867188,-1029.67,-1029.67,-2059.35
exploit,10.900,17.450,0.613,8.922,1.300,0.350,-258.6044921875,-26.439,-40.738,-67.177
exploit,10.750,17.450,0.869,8.962,1.300,0.350,-232.0810546875,-1033.21,-1033.21,-2066.43
exploit,11.350,17.450,0.668,8.732,1.300,0.350,-263.04296875,-1011.91,-1011.91,-2023.82
exploit,10.350,17.450,0.517,8.992,1.300,0.350,-251.49853515625,-26.877,-42.077,-68.954
exploit,10.900,17.450,0.544,8.945,1.300,0.350,-258.11328125,-1026.7,-1026.7,-2053.4
exploit,11.050,17.500,0.725,8.810,1.250,0.400,-333.51953125,-25.965,-42.268,-68.233
exploit,10.650,17.500,0.791,9.099,1.250,0.400,-471.21240234375,-1002.04,-1002.04,-2004.09
exploit,10.850,17.500,0.767,8.907,1.250,0.400,-349.36328125,-1010.43,-1010.43,-2020.86
exploit,10.350,17.450,0.670,9.158,1.300,0.350,-353.34912109375,-27.167,-41.765,-68.932
exploit,10.700,17.450,0.716,9.045,1.300,0.350,-310.51953125,-1034.45,-1034.45,-2068.9
exploit,11.000,17.450,0.737,8.814,1.300,0.350,-246.0439453125,-26.637,-40.739,-67.376
exploit,10.700,17.450,0.767,8.986,1.300,0.350,-296.6201171875,-1032.24,-1032.24,-2064.48
explore,10.600,17.800,1.327,9.737,0.950,0.700,-1260.1444091796875,-37.104,-49.005,-86.109
exploit,13.050,18.400,2.068,6.579,0.350,1.300,-321.4593200683594,-25.313,-35.01,-60.323
exploit,10.850,17.450,0.470,8.806,1.300,0.350,-305.64453125,-1024.83,-1024.83,-2049.65
exploit,10.800,17.450,0.679,8.872,1.300,0.350,-273.55810546875,-26.255,-40.954,-67.209
explore,12.950,17.800,1.639,6.759,0.950,0.700,-1227.4969482421875,-1020.41,-1020.41,-2040.81
exploit,10.850,17.450,0.518,8.910,1.300,0.350,-277.9267578125,-1023.16,-1023.16,-2046.32
exploit,11.200,17.500,0.787,8.709,1.250,0.400,-291.66455078125,-29.615,-45.304,-74.919
exploit,10.800,17.500,0.642,8.845,1.250,0.400,-386.26025390625,-1026.21,-1026.21,-2052.41
exploit,11.050,17.550,0.504,8.883,1.200,0.450,-513.32080078125,-26.281,-42.579,-68.86
exploit,11.100,17.450,0.813,8.800,1.300,0.350,-223.32958984375,-1024.91,-1024.91,-2049.82
exploit,10.650,17.500,0.811,8.890,1.250,0.400,-369.16650390625,-25.013,-39.911,-64.924
exploit,10.950,17.450,0.635,8.806,1.300,0.350,-296.8740234375,-1030.25,-1030.25,-2060.5
exploit,10.950,17.450,0.660,8.866,1.300,0.350,-290.8173828125,-27.463,-41.162,-68.625
exploit,10.900,17.450,0.633,8.722,1.300,0.350,-319.97607421875,-1027.73,-1027.73,-2055.45
exploit,10.900,17.450,0.665,8.939,1.300,0.350,-302.69091796875,-27.439,-40.839,-68.278
exploit,10.850,17.450,0.532,8.994,1.300,0.350,-278.28564453125,-1027.36,-1027.36,-2054.72
explore,13.150,17.700,1.872,6.686,1.050,0.600,-1409.911376953125,-27.795,-34.493,-62.288
exploit,11.350,17.500,0.380,8.751,1.250,0.400,-468.447265625,-1010.25,-1010.25,-2020.5
exploit,9.550,17.500,0.850,8.975,1.285,0.400,-372.962890625,-26.213,-43.214,-69.427
exploit,10.950,17.450,0.760,8.779,1.300,0.350,-263.09619140625,-1023.27,-1023.27,-2046.53
exploit,10.650,17.450,0.872,8.812,1.300,0.350,-218.67724609375,-25.893,-41.895,-67.788
exploit,10.950,17.500,0.648,8.834,1.250,0.400,-406.74560546875,-1024.32,-1024.32,-2048.64
exploit,11.750,17.450,0.770,8.430,1.300,0.350,-358.75439453125,-26.214,-39.827,-66.041
exploit,10.650,17.450,0.889,9.112,1.300,0.350,-373.11181640625,-1028.97,-1028.97,-2057.94
explore,11.000,18.150,0.467,8.824,0.600,1.050,-834.1371459960938,-26.554,-39.352,-65.906
exploit,10.800,17.450,0.748,9.195,1.300,0.350,-420.9296875,-1023.41,-1023.41,-2046.82
exploit,10.650,17.500,0.452,8.862,1.250,0.400,-426.31640625,-25.698,-51.192,-76.89
exploit,10.850,17.500,0.613,8.856,1.250,0.400,-423.658203125,-25.158,-42.069,-67.227
exploit,11.000,17.450,0.588,8.986,1.300,0.350,-310.259765625,-1028.38,-1028.38,-2056.76
exploit,10.900,17.450,0.515,8.946,1.300,0.350,-294.6962890625,-25.908,-40.707,-66.615
exploit,10.850,17.450,0.637,8.826,1.300,0.350,-320.7578125,-1025.48,-1025.48,-2050.97
exploit,11.050,17.500,0.280,8.787,1.250,0.400,-451.30078125,-26.41,-39.912,-66.322
exploit,11.150,17.450,0.478,8.707,1.300,0.350,-420.8701171875,-1028.36,-1028.36,-2056.72
exploit,10.750,17.450,0.802,9.103,1.300,0.350,-408.919921875,-26.757,-40.757,-67.514
exploit,10.750,17.450,0.728,8.933,1.300,0.350,-325.97265625,-1029.21,-1029.21,-2058.42
exploit,10.900,17.450,0.693,8.836,1.300,0.350,-317.09423828125,-26.021,-40.62,-66.641
exploit,13.100,18.400,2.058,6.670,0.350,1.300,-289.63006591796875,-1026.93,-1026.93,-2053.86
exploit,10.950,17.500,0.375,8.884,1.250,0.400,-385.4111328125,-25.317,-40.015,-65.332
exploit,11.100,17.450,0.416,8.772,1.300,0.350,-392.740234375,-1029.78,-1029.78,-2059.56
exploit,10.700,17.450,0.715,9.135,1.300,0.350,-407.41064453125,-27.465,-40.545,-68.01
exploit,12.300,18.400,1.203,7.453,0.350,1.300,-483.918212890625,-1026.3,-1026.3,-2052.6
explore,11.100,17.750,0.415,8.886,1.000,0.650,-859.75146484375,-35.931,-49.118,-85.049
exploit,10.950,17.450,0.651,8.854,1.300,0.350,-334.85693359375,-1006.96,-1006.96,-2013.91
exploit,11.150,17.500,0.585,8.868,1.250,0.400,-426.22265625,-1006.95,-1006.95,-2013.9
exploit,10.250,18.300,1.264,9.808,0.461,1.200,-468.03662109375,-26.462,-46.858,-73.32
exploit,11.100,17.450,0.574,8.814,1.300,0.350,-372.02734375,-1028.64,-1028.64,-2057.29
exploit,10.800,17.450,0.660,8.900,1.300,0.350,-343.69189453125,-25.183,-42.064,-67.247
exploit,11.000,17.450,0.562,8.728,1.300,0.350,-420.779296875,-1032.15,-1032.15,-2064.31
exploit,11.000,17.450,0.443,8.900,1.300,0.350,-322.14013671875,-25.612,-41.211,-66.823
exploit,10.950,17.500,0.623,8.901,1.250,0.400,-442.00390625,-1033.73,-1033.73,-2067.47
exploit,10.750,17.450,0.675,8.978,1.300,0.350,-350.91015625,-26.22,-40.822,-67.042
exploit,11.000,17.450,0.668,8.890,1.300,0.350,-354.0419921875,-1023.89,-1023.89,-2047.78
exploit,9.950,17.450,1.373,9.766,1.360,0.350,-524.6554565429688,-30.744,-47.016,-77.76
exploit,10.750,17.450,0.741,8.850,1.300,0.350,-333.16259765625,-1011.5,-1011.5,-2023
exploit,10.750,17.450,0.892,8.739,1.300,0.350,-187.3798828125,-1002.11,-1002.11,-2004.22
exploit,10.850,17.450,0.455,8.914,1.300,0.350,-317.376953125,-25.787,-40.189,-65.976
exploit,10.800,17.450,0.710,8.924,1.300,0.350,-363.09423828125,-1031.36,-1031.36,-2062.72
exploit,11.100,17.450,0.631,8.957,1.300,0.350,-356.70849609375,-26.508,-40.817,-67.325
exploit,10.850,17.450,0.771,8.838,1.300,0.350,-342.27197265625,-1036.03,-1036.03,-2072.07
exploit,10.950,17.450,0.478,8.920,1.300,0.350,-321.82421875,-26.306,-42.006,-68.312
exploit,10.250,18.350,1.394,9.541,0.412,1.250,-405.68292236328125,-1034.32,-1034.32,-2068.64
exploit,10.900,17.450,0.603,8.820,1.300,0.350,-397.0498046875,-26.943,-40.14,-67.083
exploit,10.550,17.450,0.726,9.029,1.300,0.350,-384.34912109375,-1038.6,-1038.6,-2077.2
exploit,11.100,17.450,0.582,8.938,1.300,0.350,-352.3076171875,-26.504,-40.708,-67.212
explore,12.100,17.700,0.515,8.045,1.050,0.600,-1250.776123046875,-1034.21,-1034.21,-2068.41
exploit,10.650,17.450,0.729,9.128,1.300,0.350,-413.86279296875,-28.596,-61.404,-90
exploit,11.150,17.450,0.490,8.890,1.300,0.350,-342.565185546875,-1039.89,-1039.89,-2079.79
exploit,11.050,17.450,0.569,8.717,1.300,0.350,-443.28271484375,-25.711,-42.699,-68.41
exploit,10.700,17.450,0.597,9.066,1.300,0.350,-338.71484375,-26.126,-40.726,-66.852
explore,12.000,17.500,1.258,7.394,1.250,0.400,-1374.0355224609375,-26.17,-39.175,-65.345
exploit,10.800,17.450,0.659,8.968,1.300,0.350,-374.79443359375,-1019.25,-1019.25,-2038.51
exploit,11.050,17.450,0.779,8.566,1.300,0.350,-301.6240234375,-26.435,-39.642,-66.077
explore,9.450,17.850,1.964,10.450,0.922,0.750,-1444.5262451171875,-149.631,-53.829,-203.46
exploit,11.150,17.450,0.523,8.967,1.300,0.350,-329.24072265625,-26.768,-41.155,-67.923
exploit,10.850,17.500,0.447,8.960,1.250,0.400,-373.8359375,-1042.12,-1042.12,-2084.23
exploit,10.400,17.450,0.454,8.943,1.300,0.350,-300.99853515625,-1041.45,-1041.45,-2082.91
exploit,9.850,17.450,1.003,9.570,1.393,0.350,-452.265625,-1035.09,-1035.09,-2070.18
exploit,11.100,17.450,0.515,8.966,1.300,0.350,-349.581787109375,-1026.29,-1026.29,-2052.58
exploit,11.100,17.500,0.464,8.720,1.250,0.400,-541.63525390625,-27.2,-42.392,-69.592
exploit,11.350,17.450,0.676,8.748,1.300,0.350,-384.23779296875,-1040.88,-1040.88,-2081.76
explore,8.750,18.100,2.063,10.370,0.696,1.000,-873.8928833007812,-1040.35,-1040.35,-2080.7
exploit,10.700,17.450,0.777,8.935,1.300,0.350,-372.8309326171875,-1028.24,-1028.24,-2056.47
exploit,10.750,17.450,0.697,8.984,1.300,0.350,-391.79931640625,-25.97,-41.662,-67.632
exploit,10.900,17.450,0.678,8.888,1.300,0.350,-395.570556640625,-1041.84,-1041.84,-2083.68
exploit,9.900,17.450,0.696,9.003,1.376,0.350,-334.77294921875,-1038.27,-1038.27,-2076.54
exploit,10.650,17.450,0.512,9.010,1.300,0.350,-345.228515625,-26.145,-43.644,-69.789
exploit,10.900,17.450,0.850,8.701,1.300,0.350,-268.984130859375,-1033.94,-1033.94,-2067.87
exploit,13.150,18.400,1.905,6.699,0.350,1.300,-563.14404296875,-1075.73,-1075.73,-2151.45
exploit,10.900,17.450,0.739,8.932,1.300,0.350,-405.10498046875,-1034.04,-1034.04,-2068.07
exploit,10.950,17.450,0.691,8.815,1.300,0.350,-406.376953125,-26.299,-43.099,-69.398
exploit,10.900,17.450,0.361,8.810,1.300,0.350,-395.877197265625,-25.591,-40.383,-65.974
exploit,11.100,17.450,0.753,9.031,1.300,0.350,-426.3486328125,-1038.39,-1038.39,-2076.77
exploit,10.750,17.450,0.782,8.939,1.300,0.350,-407.0146484375,-27.433,-42.334,-69.767
exploit,11.700,17.500,0.513,8.725,1.250,0.400,-512.9503173828125,-1039.01,-1039.01,-2078.02
exploit,10.800,17.450,0.764,8.993,1.300,0.350,-425.85986328125,-27.715,-47.915,-75.63
exploit,11.100,17.500,0.385,8.909,1.250,0.400,-397.22705078125,-1041.12,-1041.12,-2082.25
exploit,10.350,17.450,1.261,8.857,1.300,0.350,-90.3662109375,-24.903,-44.605,-69.508
exploit,10.700,17.450,0.686,8.718,1.300,0.350,-407.423828125,-26.684,-41.587,-68.271
exploit,10.850,17.450,0.721,8.985,1.300,0.350,-418.460205078125,-1039.15,-1039.15,-2078.31
exploit,11.000,17.500,0.609,8.870,1.250,0.400,-485.8734130859375,-28.233,-43.031,-71.264
explore,9.900,18.300,1.392,9.795,0.636,0.791,-838.4961547851562,-1036.22,-1036.22,-2072.44
exploit,10.700,17.500,0.630,8.990,1.250,0.400,-494.35400390625,-28.599,-42.299,-70.898
exploit,10.700,17.500,0.716,9.086,1.250,0.400,-543.11376953125,-1038.15,-1038.15,-2076.31
exploit,10.700,17.450,0.459,8.994,1.300,0.350,-332.2064208984375,-27.087,-46.187,-73.274
exploit,10.850,17.450,0.887,8.652,1.300,0.350,-244.0760498046875,-1034.31,-1034.31,-2068.62
exploit,11.050,17.450,0.562,8.751,1.300,0.350,-448.78826904296875,-27.247,-40.167,-67.414
exploit,10.950,17.500,0.469,8.874,1.250,0.400,-466.481689453125,-1038.57,-1038.57,-2077.14
exploit,11.500,17.450,0.504,8.747,1.300,0.350,-455.39111328125,-27.635,-40.432,-68.067
exploit,10.700,17.450,0.702,9.008,1.300,0.350,-427.2244873046875,-1037.37,-1037.37,-2074.74
exploit,10.850,17.500,0.666,8.878,1.250,0.400,-492.021484375,-28.099,-42.305,-70.404
exploit,10.700,17.500,0.776,8.965,1.250,0.400,-508.439697265625,-1035.74,-1035.74,-2071.48
explore,9.100,17.700,1.325,9.783,1.050,0.600,-1089.149658203125,-1076.03,-1076.03,-2152.06
exploit,11.000,17.500,0.520,8.921,1.250,0.400,-483.984375,-25.494,-42.397,-67.891
explore,11.700,18.050,0.521,8.034,0.700,0.950,-1146.669921875,-1038.61,-1038.61,-2077.22
exploit,11.050,17.450,0.502,8.804,1.300,0.350,-433.68115234375,-25.619,-42.115,-67.734
exploit,10.950,17.450,0.836,8.578,1.300,0.350,-304.0311279296875,-1032.79,-1032.79,-2065.57
exploit,10.650,17.450,0.616,9.089,1.300,0.350,-408.84381103515625,-29.907,-45.707,-75.614
exploit,10.750,17.450,0.688,8.961,1.300,0.350,-424.1104736328125,-1007.12,-1007.12,-2014.25
exploit,10.850,17.450,0.373,8.758,1.300,0.350,-446.5810546875,-25.604,-40.687,-66.291
exploit,10.550,17.450,0.775,9.038,1.300,0.350,-458.1429443359375,-1032.68,-1032.68,-2065.36
exploit,11.250,17.500,0.575,8.794,1.250,0.400,-496.2763671875,-26.998,-40.696,-67.694
exploit,10.800,17.450,0.672,8.951,1.300,0.350,-438.26593017578125,-1035.76,-1035.76,-2071.51
exploit,10.900,17.450,0.684,8.971,1.300,0.350,-435.89263916015625,-27.596,-44.599,-72.195
exploit,9.800,17.450,1.356,9.573,1.412,0.350,-416.4295654296875,-1032.09,-1032.09,-2064.18
exploit,11.100,17.500,0.523,8.650,1.250,0.400,-545.41552734375,-26.306,-43.508,-69.814
exploit,10.700,17.450,0.665,8.882,1.300,0.350,-433.6842041015625,-1031.8,-1031.8,-2063.6
exploit,11.100,17.450,0.562,8.620,1.300,0.350,-483.9132080078125,-26.5,-40.202,-66.702
exploit,10.800,17.450,0.639,9.016,1.300,0.350,-434.1622314453125,-1034.03,-1034.03,-2068.06
exploit,11.050,17.500,0.445,8.763,1.250,0.400,-508.71044921875,-24.907,-39.206,-64.113
exploit,11.100,17.500,0.495,8.694,1.250,0.400,-526.9066772460938,-1028.53,-1028.53,-2057.06
exploit,10.800,17.450,0.683,8.980,1.300,0.350,-454.22900390625,-25.407,-200,-225.407
exploit,10.600,17.450,0.829,9.138,1.300,0.350,-541.6607666015625,-1074.99,-1074.99,-2149.99
exploit,11.250,17.450,0.562,8.571,1.300,0.350,-489.930908203125,-26.966,-40.283,-67.249
exploit,10.850,17.450,0.565,8.964,1.300,0.350,-414.0518798828125,-1027.55,-1027.55,-2055.1
exploit,10.750,17.450,0.609,8.842,1.300,0.350,-436.3411865234375,-25.297,-43.398,-68.695
explore,13.450,17.600,1.713,6.350,1.150,0.500,-625.294189453125,-1026.64,-1026.64,-2053.28
exploit,11.300,17.550,0.861,8.705,1.200,0.450,-393.298095703125,-1031.13,-1031.13,-2062.26
exploit,11.400,17.450,0.773,8.525,1.300,0.350,-367.7396240234375,-26.43,-40.432,-66.862
exploit,10.850,17.450,0.587,9.030,1.300,0.350,-430.0672607421875,-28.098,-42.605,-70.703
exploit,10.850,17.450,0.634,9.049,1.300,0.350,-450.6348876953125,-27.931,-44.933,-72.864
exploit,10.700,17.450,0.594,9.000,1.300,0.350,-427.0491943359375,-25.437,-43.937,-69.374
exploit,11.050,17.450,0.738,8.724,1.300,0.350,-413.210693359375,-1025.29,-1025.29,-2050.57
exploit,10.850,17.450,0.827,8.499,1.300,0.350,-348.396728515625,-25.298,-40.099,-65.397
exploit,11.450,17.450,0.542,8.846,1.300,0.350,-424.5283203125,-27.837,-43.138,-70.975
exploit,11.050,17.500,0.316,8.734,1.250,0.400,-496.986328125,-26.228,-41.942,-68.17
exploit,10.850,17.450,1.005,8.918,1.300,0.350,-367.167236328125,-28.81,-44.209,-73.019
exploit,10.900,17.450,0.412,8.861,1.300,0.350,-382.9638671875,-24.892,-41.492,-66.384
exploit,10.950,17.450,0.495,8.865,1.300,0.350,-404.680908203125,-26.93,-42.032,-68.962
exploit,10.800,17.450,0.652,8.836,1.300,0.350,-441.87841796875,-26.361,-42.562,-68.923
exploit,11.000,17.450,0.554,8.795,1.300,0.350,-430.406494140625,-25.741,-40.44,-66.181
exploit,11.000,17.450,0.780,8.761,1.300,0.350,-413.4853515625,-27.909,-200,-227.909
exploit,10.850,17.450,0.752,9.084,1.300,0.350,-492.7490234375,-29.088,-43.094,-72.182
exploit,10.900,17.450,0.852,8.649,1.300,0.350,-346.15576171875,-25.611,-40.813,-66.424
exploit,11.100,17.450,0.510,8.663,1.300,0.350,-464.28466796875,-25.933,-39.632,-65.565
explore,10.950,17.850,0.282,8.654,0.900,0.750,-881.594970703125,-1027.57,-1027.57,-2055.15
exploit,11.100,17.500,0.538,8.802,1.250,0.400,-508.08837890625,-27.597,-42.401,-69.998
exploit,11.250,17.450,0.677,8.377,1.300,0.350,-495.296142578125,-26.434,-43.535,-69.969
explore,9.500,18.150,1.921,10.366,0.650,1.050,-1101.1197509765625,-1031.29,-1031.29,-2062.58
exploit,11.000,17.450,0.577,8.850,1.300,0.350,-428.619384765625,-26.223,-200,-226.223
exploit,10.750,17.450,0.682,8.912,1.300,0.350,-446.74560546875,-28.617,-42.936,-71.553
exploit,11.050,17.450,0.603,8.749,1.300,0.350,-423.687744140625,-24.575,-38.773,-63.348
exploit,11.000,17.550,0.492,8.781,1.200,0.450,-587.617919921875,-28.737,-42.637,-71.374
explore,10.000,17.550,1.314,9.685,1.250,0.450,-956.8931884765625,-26.812,-43.807,-70.619
exploit,11.250,17.450,0.586,8.526,1.300,0.350,-456.9921875,-26.754,-43.955,-70.709
exploit,10.950,17.450,0.368,8.772,1.300,0.350,-396.867431640625,-25.187,-41.588,-66.775
exploit,11.100,17.450,0.593,8.808,1.300,0.350,-421.470703125,-27.723,-42.621,-70.344
exploit,10.300,18.300,1.385,9.836,0.453,1.200,-515.6624755859375,-29.611,-43.008,-72.619
exploit,11.350,17.450,0.424,8.546,1.300,0.350,-521.541748046875,-26.79,-39.688,-66.478
exploit,11.100,17.450,0.583,8.677,1.300,0.350,-417.072998046875,-26.318,-40.019,-66.337
exploit,10.950,17.450,0.550,8.893,1.300,0.350,-407.625244140625,-27.212,-42.312,-69.524
exploit,10.800,17.450,0.542,8.973,1.300,0.350,-400.556884765625,-1019.27,-1019.27,-2038.55
exploit,10.950,17.450,0.591,8.516,1.300,0.350,-433.452880859375,-26.122,-39.822,-65.944
exploit,10.800,17.450,0.763,8.957,1.300,0.350,-460.03369140625,-29.141,-42.844,-71.985
exploit,11.250,17.500,0.479,8.824,1.250,0.400,-480.9871826171875,-26.945,-41.745,-68.69
exploit,10.850,17.450,0.560,8.948,1.300,0.350,-413.617919921875,-25.594,-43.892,-69.486
exploit,11.000,17.450,0.810,8.612,1.300,0.350,-347.668701171875,-25.354,-41.053,-66.407
exploit,11.200,17.450,0.600,8.479,1.300,0.350,-422.33837890625,-1020.24,-1020.24,-2040.48
exploit,11.000,17.450,0.824,8.808,1.300,0.350,-401.68994140625,-25.705,-40.409,-66.114
exploit,11.100,17.450,0.562,8.714,1.300,0.350,-430.4580078125,-25.419,-42.118,-67.537
exploit,10.900,17.450,0.666,8.926,1.300,0.350,-438.962158203125,-26.632,-40.833,-67.465
exploit,10.700,17.450,0.482,9.036,1.300,0.350,-355.6468505859375,-1018.8,-1018.8,-2037.6
exploit,10.950,17.450,0.527,8.838,1.300,0.350,-404.15625,-26.126,-40.12,-66.246
exploit,10.750,17.450,0.691,8.852,1.300,0.350,-424.262939453125,-24.995,-41.994,-66.989
exploit,11.100,17.450,0.775,8.589,1.300,0.350,-366.88623046875,-25.959,-38.959,-64.918
exploit,11.200,17.450,0.565,8.876,1.300,0.350,-414.478515625,-27.985,-44.287,-72.272
exploit,11.150,17.450,0.573,8.623,1.300,0.350,-417.3955078125,-26.053,-40.354,-66.407
exploit,11.300,17.450,0.470,8.923,1.300,0.350,-384.11572265625,-27.081,-40.888,-67.969
exploit,11.050,17.450,0.463,8.791,1.300,0.350,-404.2021484375,-27.592,-43.988,-71.58
exploit,10.950,17.500,0.585,8.840,1.250,0.400,-495.229248046875,-25.94,-41.944,-67.884
explore,11.450,17.800,0.045,8.415,0.950,0.700,-1189.0257568359375,-136.206,-38.2,-174.406
exploit,11.050,17.450,0.392,8.745,1.300,0.350,-390.495361328125,-25.787,-39.788,-65.575
exploit,10.750,17.450,0.733,8.684,1.300,0.350,-387.07275390625,-26,-41.615,-67.615
exploit,11.100,17.450,0.599,8.639,1.300,0.350,-405.7529296875,-25.833,-41.633,-67.466
exploit,11.100,17.450,0.322,8.613,1.300,0.350,-450.6591796875,-1015.19,-1015.19,-2030.38
exploit,10.950,17.500,0.521,8.757,1.250,0.400,-487.98486328125,-1016.44,-1016.44,-2032.88
exploit,10.950,17.450,0.604,8.788,1.300,0.350,-405.669921875,-25.876,-40.079,-65.955
exploit,10.850,17.450,0.538,8.876,1.300,0.350,-409.98681640625,-28.112,-44.214,-72.326
exploit,11.200,17.450,0.495,8.691,1.300,0.350,-437.421142578125,-26.108,-39.093,-65.201
exploit,10.850,17.450,0.497,8.812,1.300,0.350,-403.353759765625,-25.045,-43.343,-68.388
exploit,10.650,17.500,0.863,8.998,1.250,0.400,-549.683837890625,-27.22,-44.418,-71.638
explore,9.400,17.550,1.803,10.267,1.209,0.450,-1445.8636474609375,-27.902,-48.197,-76.099
exploit,10.750,17.450,0.668,9.006,1.300,0.350,-454.84228515625,-27.672,-42.471,-70.143
exploit,11.300,17.450,0.605,8.750,1.300,0.350,-402.63916015625,-27.122,-43.114,-70.236
exploit,10.600,17.450,0.958,8.955,1.300,0.350,-409.48583984375,-27.571,-43.146,-70.717
exploit,11.200,17.450,0.741,8.635,1.300,0.350,-368.703857421875,-29.989,-200,-229.989
exploit,10.900,17.450,0.744,8.921,1.300,0.350,-434.765625,-25.719,-39.52,-65.239
exploit,11.100,17.450,0.729,8.656,1.300,0.350,-373.017578125,-25.893,-40.592,-66.485
exploit,11.150,17.450,0.787,8.594,1.300,0.350,-343.240234375,-25.731,-39.832,-65.563
exploit,10.900,17.450,0.641,8.720,1.300,0.350,-402.723876953125,-24.726,-41.124,-65.85
exploit,11.350,17.450,0.796,8.474,1.300,0.350,-340.470703125,-25.702,-41.014,-66.716
explore,12.900,17.800,1.889,6.685,0.950,0.700,-1313.4798583984375,-1014.41,-1014.41,-2028.82
exploit,11.100,17.450,0.364,8.747,1.300,0.350,-410.3564453125,-25.183,-40.688,-65.871
exploit,12.950,18.400,2.012,6.410,0.350,1.300,-523.8464965820312,-28.12,-37.721,-65.841
exploit,10.900,17.550,0.454,8.861,1.200,0.450,-567.787109375,-1015.98,-1015.98,-2031.96
exploit,10.650,17.450,0.401,8.884,1.300,0.350,-366.3642578125,-1015.85,-1015.85,-2031.69
exploit,11.100,17.450,1.249,9.052,1.300,0.350,-305.519775390625,-1020.28,-1020.28,-2040.56
exploit,10.300,17.450,0.488,8.977,1.301,0.350,-392.91455078125,-25.904,-45.403,-71.307
exploit,10.800,17.450,0.515,8.867,1.300,0.350,-406.60107421875,-28.195,-43.486,-71.681
exploit,10.900,17.450,0.660,8.763,1.300,0.350,-390.6591796875,-27.098,-44.592,-71.69
exploit,10.800,17.450,0.792,8.650,1.300,0.350,-329.46875,-28.302,-200,-228.302
exploit,10.800,17.450,0.521,8.928,1.300,0.350,-403.575927734375,-25.425,-41.122,-66.547
exploit,11.050,17.450,0.501,8.790,1.300,0.350,-409.6787109375,-28.507,-42.609,-71.116
exploit,11.400,17.450,0.504,8.473,1.300,0.350,-528.27685546875,-26.827,-39.128,-65.955
explore,11.400,17.700,0.155,8.428,1.050,0.600,-1137.6158447265625,-136.203,-42.099,-178.302
exploit,11.400,17.450,0.559,8.671,1.300,0.350,-395.810546875,-26.724,-42.026,-68.75
explore,9.650,17.500,1.789,10.057,1.312,0.400,-1005.61083984375,-31.321,-46.92,-78.241
exploit,11.500,17.450,0.616,8.795,1.300,0.350,-397.61669921875,-29.645,-44.245,-73.89
exploit,11.050,17.450,0.412,8.819,1.300,0.350,-393.749267578125,-25.955,-40.368,-66.323
exploit,10.850,17.450,0.692,8.973,1.300,0.350,-440.431884765625,-28.406,-42.701,-71.107
exploit,10.750,17.450,0.630,8.956,1.300,0.350,-423.923828125,-1015.47,-1015.47,-2030.93
exploit,10.500,17.450,0.474,8.867,1.300,0.350,-393.751708984375,-29.151,-43.25,-72.401
exploit,11.500,17.450,0.505,8.829,1.300,0.350,-407.38720703125,-27.495,-41.097,-68.592
explore,11.050,17.850,0.235,8.413,0.900,0.750,-1128.98388671875,-138.875,-42.075,-180.95
exploit,11.350,17.450,0.763,8.602,1.300,0.350,-326.81787109375,-1017.14,-1017.14,-2034.28
exploit,10.500,17.450,0.796,9.044,1.300,0.350,-483.1650390625,-29.932,-44.432,-74.364
exploit,9.850,17.450,1.555,10.129,1.393,0.350,-488.31298828125,-1021.68,-1021.68,-2043.37
explore,9.850,18.250,1.942,10.420,0.707,0.781,-1239.04833984375,-1018.75,-1018.75,-2037.51
exploit,9.900,17.450,0.619,8.754,1.376,0.350,-355.2587890625,-27.774,-50.374,-78.148
explore,9.250,18.200,2.057,10.452,0.550,1.100,-1120.529541015625,-1020.87,-1020.87,-2041.73
explore,11.750,17.650,0.614,7.837,1.100,0.550,-1350.974365234375,-133.187,-35.991,-169.178
exploit,11.050,17.450,0.648,9.061,1.300,0.350,-452.58544921875,-28.788,-42.592,-71.38
exploit,11.300,17.500,0.605,8.640,1.250,0.400,-487.728515625,-27.808,-42.711,-70.519
exploit,10.700,17.450,0.471,8.904,1.300,0.350,-389.49658203125,-26.551,-46.949,-73.5
exploit,11.300,17.450,0.813,8.419,1.300,0.350,-349.63525390625,-26.575,-38.582,-65.157
exploit,11.150,17.450,0.558,8.643,1.300,0.350,-406.345703125,-25.977,-43.037,-69.014
explore,9.400,17.450,1.887,10.294,1.309,0.350,-1095.919921875,-28.526,-200,-228.526
exploit,10.850,17.450,0.616,8.958,1.300,0.350,-416.694091796875,-27.84,-42.639,-70.479
exploit,10.950,17.450,0.416,8.816,1.300,0.350,-387.473388671875,-27.72,-41.721,-69.441
exploit,10.750,17.450,0.655,8.931,1.300,0.350,-419.9365234375,-27.313,-42.015,-69.328
exploit,10.250,18.300,1.358,9.917,0.461,1.200,-396.2398681640625,-35.796,-50.798,-86.594
exploit,11.350,17.450,0.663,8.659,1.300,0.350,-364.919921875,-26.828,-41.329,-68.157
exploit,11.250,17.450,0.480,8.824,1.300,0.350,-392.610107421875,-25.789,-41.89,-67.679
explore,11.800,17.650,0.503,7.874,1.100,0.550,-1268.2230224609375,-1014.85,-1014.85,-2029.69
exploit,10.700,17.450,0.583,8.851,1.300,0.350,-400.43798828125,-31.769,-44.984,-76.753
exploit,10.850,17.450,0.713,8.700,1.300,0.350,-360.40869140625,-28.053,-200,-228.053
explore,10.650,18.200,0.680,9.159,0.550,1.100,-1171.781005859375,-28.493,-44.996,-73.489
exploit,11.300,17.450,0.723,8.787,1.300,0.350,-384.4951171875,-26.996,-41.496,-68.492
explore,9.350,18.300,1.849,10.354,0.461,1.200,-1112.63720703125,-1020.31,-1020.31,-2040.62
exploit,10.650,17.450,0.528,8.878,1.300,0.350,-392.697509765625,-26.834,-41.334,-68.168
exploit,11.150,17.500,0.619,8.752,1.250,0.400,-479.68115234375,-28.309,-42.209,-70.518
exploit,11.550,17.450,0.411,8.638,1.300,0.350,-433.28369140625,-27.686,-41.595,-69.281
exploit,10.850,17.450,0.471,8.899,1.300,0.350,-386.239990234375,-1015.66,-1015.66,-2031.31
exploit,10.150,17.450,0.432,8.986,1.315,0.350,-359.79443359375,-25.713,-45.314,-71.027
explore,10.750,17.700,0.648,9.017,1.050,0.600,-1019.24267578125,-1019.69,-1019.69,-2039.38
exploit,11.050,17.450,0.417,8.654,1.300,0.350,-422.8603515625,-27.072,-41.558,-68.63
exploit,11.100,17.450,0.564,8.846,1.300,0.350,-396.2314453125,-26.231,-42.43,-68.661
exploit,11.000,17.450,0.512,8.716,1.300,0.350,-381.0244140625,-27.413,-41.613,-69.026
exploit,11.000,17.450,0.598,8.716,1.300,0.350,-376.52490234375,-25.341,-39.341,-64.682
exploit,11.200,17.450,0.772,8.562,1.300,0.350,-329.33544921875,-25.665,-40.253,-65.918
exploit,10.900,17.450,0.641,8.977,1.300,0.350,-426.072265625,-28.151,-44.536,-72.687
exploit,10.900,17.450,0.603,8.866,1.300,0.350,-402.43408203125,-25.097,-42.197,-67.294
exploit,11.000,17.450,0.825,8.706,1.300,0.350,-341.904296875,-26.46,-39.361,-65.821
exploit,11.100,17.450,0.317,8.734,1.300,0.350,-383.8935546875,-25.956,-41.262,-67.218
exploit,10.800,17.450,0.591,8.890,1.300,0.350,-395.63037109375,-26.811,-40.999,-67.81
exploit,10.950,17.450,0.408,8.784,1.300,0.350,-370.5107421875,-25.975,-44.89,-70.865
explore,11.850,18.050,0.640,7.822,0.700,0.950,-1145.74462890625,-135.384,-38.963,-174.347
exploit,11.400,17.450,0.683,8.526,1.300,0.350,-357.88720703125,-25.928,-39.631,-65.559
exploit,10.800,17.450,0.632,8.722,1.300,0.350,-363.259765625,-26.452,-40.352,-66.804
exploit,11.000,17.500,0.540,8.780,1.250,0.400,-488.0517578125,-28.224,-44.625,-72.849
exploit,10.900,17.450,0.773,8.690,1.300,0.350,-335.2265625,-25.985,-40.683,-66.668
exploit,10.650,17.450,0.815,8.854,1.300,0.350,-400.90185546875,-28.868,-45.369,-74.237
exploit,10.800,17.450,0.458,8.908,1.300,0.350,-379.330078125,-1015.62,-1015.62,-2031.24
exploit,10.550,17.500,0.390,8.729,1.250,0.400,-482.6376953125,-28.897,-42.882,-71.779
exploit,11.000,17.450,0.543,8.830,1.300,0.350,-384.94140625,-27.006,-42.006,-69.012
exploit,10.750,17.450,0.730,8.624,1.300,0.350,-326.74609375,-24.988,-41.39,-66.378
exploit,10.900,17.450,0.479,8.906,1.300,0.350,-388.7236328125,-25.227,-43.528,-68.755
exploit,10.800,17.450,0.609,8.943,1.300,0.350,-414.35693359375,-30.095,-44.397,-74.492
exploit,11.300,17.450,0.437,8.654,1.300,0.350,-391.701171875,-1013.4,-1013.4,-2026.79
explore,8.800,17.650,1.215,9.649,1.118,0.550,-1177.0985107421875,-1021.02,-1021.02,-2042.05
exploit,9.950,17.450,0.804,8.597,1.360,0.350,-267.61572265625,-1020.41,-1020.41,-2040.82
explore,13.450,17.950,1.318,6.418,0.800,0.850,-551.138671875,-132.958,-37.453,-170.411
exploit,10.900,17.500,0.562,8.776,1.250,0.400,-477.58544921875,-28.426,-44.124,-72.55
exploit,11.550,17.450,0.463,8.632,1.300,0.350,-411.7080078125,-27.82,-40.223,-68.043
exploit,11.150,17.450,0.432,8.664,1.300,0.350,-409.455078125,-26.098,-42.097,-68.195
exploit,10.950,17.450,0.324,8.792,1.300,0.350,-371.806640625,-25.3,-40.587,-65.887
exploit,10.950,17.450,0.618,8.526,1.300,0.350,-388.3173828125,-25.811,-42.518,-68.329
exploit,11.050,17.450,0.408,8.843,1.300,0.350,-375.33447265625,-25.542,-40.632,-66.174
exploit,11.000,17.450,0.756,8.556,1.300,0.350,-333.3857421875,-25.773,-39.065,-64.838
explore,11.800,17.650,0.141,8.440,1.100,0.550,-922.3399658203125,-1017.98,-1017.98,-2035.97
exploit,10.950,17.450,0.710,8.730,1.300,0.350,-358.76708984375,-28.131,-42.429,-70.56
exploit,10.900,17.450,0.568,8.926,1.300,0.350,-400.8759765625,-27.081,-44.075,-71.156
exploit,10.850,17.450,0.619,8.849,1.300,0.350,-387.48193359375,-27.154,-42.058,-69.212
exploit,12.550,18.400,1.454,7.264,0.350,1.300,-556.324951171875,-29.502,-42.999,-72.501
exploit,10.800,17.450,0.637,9.024,1.300,0.350,-429.296875,-25.232,-41.731,-66.963
exploit,11.100,17.500,0.623,8.718,1.250,0.400,-455.42138671875,-27.962,-44.562,-72.524
exploit,11.050,17.450,0.545,8.650,1.300,0.350,-369.02783203125,-27.113,-44.012,-71.125
exploit,10.850,17.450,0.568,8.873,1.300,0.350,-386.61865234375,-28.489,-42.187,-70.676
exploit,10.900,17.450,0.497,8.853,1.300,0.350,-378.47705078125,-25.49,-40.594,-66.084
exploit,11.150,17.450,0.458,8.694,1.300,0.350,-378.7705078125,-25.317,-41.115,-66.432
exploit,10.650,17.450,0.623,8.876,1.300,0.350,-390.349609375,-26.698,-47.197,-73.895
explore,9.450,18.300,1.851,10.362,0.492,1.142,-1329.9129638671875,-29.532,-47.932,-77.464
exploit,10.950,17.450,0.733,8.685,1.300,0.350,-339.2197265625,-27.961,-200,-227.961
exploit,10.850,17.450,0.683,9.067,1.300,0.350,-460.23583984375,-26.178,-43.977,-70.155
exploit,10.850,17.450,0.745,8.921,1.300,0.350,-418.01171875,-31.652,-200,-231.652
exploit,10.700,17.450,0.765,8.726,1.300,0.350,-348.91796875,-26.53,-41.429,-67.959
exploit,11.050,17.450,0.442,8.762,1.300,0.350,-371.1904296875,-27.109,-43.406,-70.515
exploit,11.450,17.450,0.452,8.630,1.300,0.350,-399.67919921875,-26.835,-39.534,-66.369
exploit,10.750,17.450,0.792,8.738,1.300,0.350,-351.73486328125,-29.061,-44.166,-73.227
exploit,11.150,17.450,0.741,8.655,1.300,0.350,-329.509765625,-26.591,-41.494,-68.085
exploit,11.000,17.500,0.440,8.688,1.250,0.400,-490.0673828125,-27.292,-41.391,-68.683
exploit,11.000,17.450,0.664,8.706,1.300,0.350,-342.2080078125,-26.159,-40.358,-66.517
exploit,10.950,17.450,0.369,8.817,1.300,0.350,-363.51123046875,-25.427,-40.528,-65.955
exploit,15.650,18.400,0.673,8.691,0.350,1.300,-300.68145751953125,-41.288,-43.179,-84.467
explore,11.900,18.250,0.864,7.871,0.500,1.150,-1068.35302734375,-1016.61,-1016.61,-2033.23
exploit,10.900,17.450,0.600,8.452,1.300,0.350,-425.37158203125,-1016.7,-1016.7,-2033.4
exploit,10.950,17.450,0.615,8.781,1.300,0.350,-359.42724609375,-25.391,-39.794,-65.185
exploit,11.200,17.500,0.745,8.731,1.250,0.400,-435.16650390625,-26.131,-43.327,-69.458
exploit,12.800,18.400,1.523,7.111,0.350,1.300,-559.892822265625,-28.201,-38.404,-66.605
exploit,11.000,17.450,0.554,8.711,1.300,0.350,-360.123046875,-25.59,-39.888,-65.478
exploit,11.150,17.450,0.552,8.766,1.300,0.350,-361.97509765625,-27.216,-41.614,-68.83
explore,12.250,17.850,1.002,7.347,0.900,0.750,-915.8394775390625,-134.566,-36.631,-171.197
exploit,11.100,17.450,0.772,9.066,1.300,0.350,-477.7138671875,-28.451,-43.231,-71.682
explore,9.750,18.400,1.576,10.022,0.610,0.695,-1154.2919921875,-29.206,-200,-229.206
exploit,10.000,17.450,0.424,8.948,1.346,0.350,-336.373779296875,-24.75,-45.556,-70.306
exploit,11.250,17.450,0.425,8.811,1.300,0.350,-362.85498046875,-26.516,-40.718,-67.234
exploit,11.200,17.450,0.543,8.833,1.300,0.350,-365.5,-28.036,-42.238,-70.274
exploit,10.950,17.450,0.866,8.846,1.300,0.350,-383.75048828125,-26.037,-40.137,-66.174
exploit,10.950,17.450,0.675,8.793,1.300,0.350,-359.2099609375,-25.733,-43.529,-69.262
exploit,10.950,17.450,0.702,8.900,1.300,0.350,-394.3681640625,-29.389,-200,-229.389
exploit,10.900,17.450,0.490,8.816,1.300,0.350,-360.88720703125,-28.033,-42.336,-70.369
exploit,11.050,17.450,0.615,8.552,1.300,0.350,-387.20654296875,-27.545,-42.245,-69.79
exploit,10.950,17.500,0.433,8.819,1.250,0.400,-468.83935546875,-25.723,-39.727,-65.45
exploit,10.950,17.450,0.734,8.953,1.300,0.350,-415.1962890625,-28.375,-45.077,-73.452
exploit,11.200,17.450,0.600,8.712,1.300,0.350,-347.79638671875,-26.727,-43.124,-69.851
exploit,10.900,17.450,0.493,8.967,1.300,0.350,-381.97119140625,-25.216,-42.019,-67.235
exploit,11.500,17.500,0.719,8.537,1.250,0.400,-431.06884765625,-27.176,-38.584,-65.76
exploit,10.700,17.450,0.735,9.060,1.300,0.350,-462.1533203125,-27.453,-42.656,-70.109
exploit,10.800,17.450,0.489,8.879,1.300,0.350,-363.89697265625,-25.307,-43.921,-69.228
exploit,10.950,17.450,0.604,8.714,1.300,0.350,-345.44189453125,-24.792,-40.998,-65.79
exploit,10.900,17.450,0.556,8.897,1.300,0.350,-373.50244140625,-27.072,-200,-227.072
exploit,11.050,17.450,0.464,8.768,1.300,0.350,-353.67626953125,-26.979,-44.482,-71.461
exploit,10.900,17.450,0.380,8.848,1.300,0.350,-348.94775390625,-25.476,-40.162,-65.638
exploit,11.050,17.450,0.495,8.735,1.300,0.350,-350.96728515625,-25.948,-40.257,-66.205
exploit,10.750,17.450,0.712,8.769,1.300,0.350,-347.0859375,-1017.89,-1017.89,-2035.77
exploit,11.050,17.450,0.403,8.679,1.300,0.350,-379.15087890625,-25.71,-39.71,-65.42
exploit,11.000,17.450,0.551,8.729,1.300,0.350,-350.619140625,-24.934,-41.034,-65.968
exploit,11.250,17.450,0.477,8.576,1.300,0.350,-415.47119140625,-1019.09,-1019.09,-2038.17
exploit,11.300,17.450,0.475,8.558,1.300,0.350,-427.98828125,-26.458,-41.039,-67.497
exploit,10.950,17.450,0.660,8.936,1.300,0.350,-397.93212890625,-26.739,-40.74,-67.479
exploit,11.300,17.450,0.496,8.842,1.300,0.350,-355.83056640625,-26.615,-41,-67.615
exploit,10.800,17.450,0.388,8.870,1.300,0.350,-341.916015625,-26.845,-47.226,-74.071
exploit,11.250,17.450,0.772,8.591,1.300,0.350,-326.75146484375,-25.33,-39.729,-65.059
exploit,10.850,17.450,0.846,8.896,1.300,0.350,-401.2060546875,-26.776,-41.48,-68.256
exploit,10.850,17.500,0.490,8.728,1.250,0.400,-463.92529296875,-1017.33,-1017.33,-2034.67
exploit,10.850,17.450,0.633,8.452,1.300,0.350,-454.814453125,-25.87,-40.468,-66.338
exploit,11.050,17.450,0.350,8.805,1.300,0.350,-342.92041015625,-25.548,-41.748,-67.296
exploit,10.450,17.450,0.923,8.952,1.300,0.350,-433.89404296875,-26.59,-42.073,-68.663
exploit,10.700,17.450,0.911,8.739,1.300,0.350,-340.2861328125,-25.377,-44.479,-69.856
exploit,10.950,17.450,0.649,8.618,1.300,0.350,-353.7041015625,-26.737,-40.535,-67.272
exploit,11.050,17.450,0.473,8.690,1.300,0.350,-372.1865234375,-27.22,-42.02,-69.24
exploit,9.600,17.500,0.637,8.792,1.298,0.400,-434.2705078125,-27.792,-46.792,-74.584
exploit,10.750,17.450,0.729,8.987,1.300,0.350,-425.66650390625,-28.623,-43.423,-72.046
exploit,11.000,17.450,0.631,8.561,1.300,0.350,-372.6142578125,-26.128,-42.14,-68.268
exploit,11.200,17.450,0.522,8.693,1.300,0.350,-362.20361328125,-25.772,-41.975,-67.747
exploit,16.850,18.400,0.573,8.585,0.350,1.300,-318.2127685546875,-1022.13,-1022.13,-2044.27
explore,9.700,17.950,0.822,9.286,0.918,0.850,-1590.3773193359375,-1020.35,-1020.35,-2040.69
exploit,11.100,17.450,0.595,8.859,1.300,0.350,-366.05126953125,-28.157,-43.855,-72.012
explore,10.700,17.500,0.678,9.184,1.250,0.400,-654.561767578125,-1016.7,-1016.7,-2033.4
exploit,8.100,18.250,1.490,10.045,0.539,1.321,-359.3360595703125,-32.811,-200,-232.811
exploit,11.000,17.450,0.759,8.882,1.300,0.350,-381.7236328125,-28.658,-42.958,-71.616
exploit,11.000,17.450,0.516,8.797,1.300,0.350,-349.1240234375,-1038.1,-1038.1,-2076.2
exploit,11.050,17.450,0.576,8.988,1.300,0.350,-399.52978515625,-1005.68,-1005.68,-2011.37
exploit,11.050,17.450,0.715,8.731,1.300,0.350,-336.181640625,-27.143,-42.443,-69.586
exploit,11.150,17.450,0.490,8.772,1.300,0.350,-356.34228515625,-1035.58,-1035.58,-2071.17
