type,wx,wy,d1,d2,d3,d4,E_reward,roberto_reward,marvin_reward,reward
exploit,19.585,9.700,1.856,10.392,1.531,1.550,-50.257164001464844,-28.271,-47.372,-75.643
exploit,17.885,9.650,0.391,8.600,0.922,1.600,-50.3515625,-27.733,-45.733,-73.466
exploit,19.585,9.500,1.982,10.484,1.415,1.744,-50.324676513671875,-29.869,-51.67,-81.539
exploit,18.185,10.000,0.949,8.977,1.250,1.250,-50.02593994140625,-27.158,-46.759,-73.917
exploit,18.035,9.550,0.391,8.782,0.802,1.600,-50.0576171875,-26.608,-44.709,-71.317
exploit,17.785,9.650,0.401,8.593,0.949,1.600,-50.305419921875,-27.716,-44.619,-72.335
exploit,17.735,10.650,0.661,8.758,1.600,0.600,-51.0096435546875,-25.724,-41.324,-67.048
exploit,17.985,10.500,0.823,8.915,1.600,0.750,-51.510894775390625,-26.081,-41.89,-67.971
exploit,19.635,9.900,1.927,10.363,1.699,1.350,-51.42333984375,-28.814,-47.521,-76.335
exploit,16.185,10.550,1.660,7.030,2.052,0.364,-50.117549896240234,-27.122,-40.644,-67.766
exploit,17.835,9.600,0.386,8.605,0.886,1.600,-50.171630859375,-27.224,-43.627,-70.851
exploit,19.385,10.000,1.666,10.116,1.601,1.250,-50.1571044921875,-26.912,-45.012,-71.924
exploit,17.685,9.650,0.362,8.687,0.985,1.600,-50.727294921875,-28.513,-43.605,-72.118
exploit,17.635,10.700,0.756,8.495,1.600,0.550,-50.1656494140625,-25.72,-44.113,-69.833
exploit,19.435,10.050,1.682,10.268,1.671,1.200,-50.20747375488281,-27.984,-44.686,-72.67
exploit,18.385,10.500,1.090,8.972,1.600,0.750,-50.37152099609375,-27.112,-45.219,-72.331
exploit,17.435,9.500,0.408,7.750,0.828,1.945,-50.0325927734375,-27.706,-41.404,-69.11
exploit,17.985,9.650,0.524,8.882,0.906,1.600,-50.919189453125,-28.391,-45.291,-73.682
exploit,17.835,9.650,0.436,8.576,0.934,1.600,-50.185791015625,-27.768,-43.966,-71.734
exploit,18.735,9.950,1.020,9.114,1.250,1.300,-50.07025146484375,-27.988,-45.788,-73.776
exploit,19.535,10.100,1.848,10.249,1.773,1.150,-50.0302734375,-27.126,-47.428,-74.554
exploit,17.985,9.650,0.370,8.763,0.906,1.600,-50.060791015625,-27.681,-45.401,-73.082
exploit,19.435,10.200,1.747,10.143,1.790,1.050,-50.32023620605469,-27.529,-45.828,-73.357
exploit,17.685,10.700,0.779,8.446,1.600,0.550,-50.05255126953125,-25.224,-42.224,-67.448
exploit,16.235,10.550,1.254,7.012,2.086,0.381,-50.39246368408203,-26.367,-42.081,-68.448
exploit,19.685,9.850,1.891,10.459,1.703,1.400,-51.06511688232422,-27.057,-48.759,-75.816
exploit,17.585,8.650,1.407,8.468,0.500,0.500,-50.04345703125,-29.195,-55.563,-84.758
exploit,18.135,9.600,0.566,8.820,0.850,1.600,-51.213623046875,-27.87,-46.173,-74.043
exploit,17.435,9.550,0.526,8.249,0.873,1.909,-50.38232421875,-27.789,-40.289,-68.078
exploit,19.385,9.950,1.703,10.175,1.562,1.300,-50.070709228515625,-28.577,-46.576,-75.153
exploit,17.385,9.500,0.404,8.211,0.808,1.910,-50.0032958984375,-28.458,-42.261,-70.719
exploit,19.585,10.250,1.891,10.316,1.921,1.000,-50.2269287109375,-27.179,-45.879,-73.058
exploit,18.035,9.600,0.442,8.811,0.851,1.600,-50.15576171875,-26.624,-45.623,-72.247
exploit,17.485,9.400,0.667,8.358,0.763,2.052,-50.16461181640625,-27.66,-40.657,-68.317
exploit,17.985,9.550,0.463,8.814,0.806,1.600,-52.201904296875,-27.13,-44.331,-71.461
exploit,19.385,9.950,1.677,10.203,1.562,1.300,-50.17948913574219,-29.314,-47.312,-76.626
exploit,17.885,9.550,0.547,8.697,0.825,1.600,-51.689208984375,-29.187,-44.488,-73.675
exploit,19.635,9.850,1.850,10.409,1.665,1.400,-50.0626220703125,-28.47,-45.89,-74.36
exploit,18.185,10.550,0.858,8.963,1.600,0.700,-50.076629638671875,-26.217,-44.314,-70.531
exploit,19.435,10.050,1.745,10.208,1.671,1.200,-50.4141845703125,-28.365,-45.084,-73.449
exploit,19.485,10.050,1.707,10.313,1.703,1.200,-50.344879150390625,-26.627,-45.323,-71.95
exploit,18.385,9.650,0.925,9.178,0.900,1.600,-50.0504150390625,-28.553,-47.254,-75.807
exploit,17.435,10.650,0.957,8.240,1.600,0.600,-50.034881591796875,-25.764,-42.589,-68.353
exploit,19.235,9.850,1.944,10.013,1.390,1.400,-51.295867919921875,-29.32,-48.819,-78.139
exploit,17.785,8.850,1.395,8.582,0.316,0.707,-50.05999755859375,-29.309,-50.929,-80.238
exploit,17.835,9.500,0.447,8.634,0.791,1.600,-50.777099609375,-26.685,-43.49,-70.175
exploit,17.935,9.050,1.028,8.875,0.335,0.901,-50.00244140625,-27.286,-45.498,-72.784
exploit,19.335,9.650,1.678,9.742,1.309,1.600,-50.02874755859375,-30.133,-45.433,-75.566
exploit,17.435,9.450,0.498,8.211,0.783,1.981,-50.1041259765625,-27.473,-40.278,-67.751
exploit,17.535,8.650,1.431,8.422,0.550,0.450,-50.41108703613281,-28.919,-55.351,-84.27
exploit,19.385,9.900,1.692,10.221,1.524,1.350,-51.69166564941406,-27.868,-47.679,-75.547
exploit,17.935,10.550,0.751,8.787,1.600,0.700,-50.319091796875,-25.387,-41.367,-66.754
exploit,19.535,9.600,1.777,10.305,1.430,1.600,-50.326446533203125,-29.416,-51.615,-81.031
exploit,17.185,10.800,1.100,8.127,1.600,0.450,-50.267852783203125,-25.322,-42.227,-67.549
exploit,17.935,9.550,0.320,8.767,0.814,1.600,-51.177490234375,-27.12,-46.819,-73.939
exploit,17.735,8.900,1.223,8.624,0.381,0.667,-51.143798828125,-28.813,-54.758,-83.571
exploit,17.435,9.550,0.515,8.240,0.873,1.909,-50.1923828125,-27.987,-40.996,-68.983
exploit,17.685,9.650,0.396,8.570,0.985,1.600,-51.9580078125,-28.059,-46.564,-74.623
exploit,16.235,10.350,0.440,8.300,1.947,0.570,-53.36122131347656,-30.053,-42.758,-72.811
exploit,17.885,9.050,1.070,8.784,0.361,0.854,-50.163330078125,-30.686,-55.088,-85.774
exploit,17.885,9.500,0.356,8.618,0.776,1.600,-50.174072265625,-27.377,-43.775,-71.152
exploit,18.035,10.500,0.810,8.888,1.600,0.750,-50.666778564453125,-26.077,-41.977,-68.054
exploit,16.235,10.500,1.667,7.041,2.051,0.427,-50.01642608642578,-26.751,-41.058,-67.809
exploit,19.635,10.300,1.911,10.442,1.991,0.950,-50.098876953125,-27.063,-45.947,-73.01
exploit,19.635,9.650,1.917,10.469,1.540,1.600,-50.473880767822266,-28.734,-47.832,-76.566
exploit,16.385,10.350,1.335,6.795,2.062,0.626,-50.57063674926758,-27.496,-42.406,-69.902
exploit,18.185,9.700,0.702,8.969,0.950,1.550,-50.0635986328125,-30.071,-47.971,-78.042
exploit,17.885,9.550,0.361,8.618,0.825,1.600,-50.10986328125,-26.866,-47.166,-74.032
exploit,17.935,9.550,0.425,8.600,0.814,1.600,-51.11474609375,-27.347,-44.346,-71.693
exploit,18.085,10.550,0.801,8.933,1.600,0.700,-50.655181884765625,-25.238,-45.038,-70.276
exploit,17.785,10.600,0.707,8.788,1.600,0.650,-50.11083984375,-25.54,-41.739,-67.279
exploit,17.835,9.650,0.352,8.678,0.934,1.600,-50.539794921875,-27.683,-46.681,-74.364
exploit,19.635,10.150,1.826,10.404,1.877,1.100,-50.529640197753906,-27.213,-47.013,-74.226
exploit,19.585,10.100,1.840,10.314,1.806,1.150,-50.27862548828125,-26.716,-46.317,-73.033
exploit,17.785,9.550,0.533,8.638,0.854,1.600,-50.7314453125,-27.269,-43.468,-70.737
exploit,19.385,9.850,1.669,10.211,1.487,1.400,-50.389495849609375,-27.806,-46.802,-74.608
exploit,19.635,9.350,2.018,10.498,1.387,1.776,-50.25215530395508,-28.818,-51.518,-80.336
exploit,19.385,9.900,1.694,10.197,1.524,1.350,-50.41339111328125,-28.491,-46.494,-74.985
exploit,19.585,9.900,1.843,10.341,1.662,1.350,-50.03535461425781,-28.132,-45.655,-73.787
exploit,17.985,9.550,0.486,8.759,0.806,1.600,-50.386474609375,-26.961,-44.046,-71.007
exploit,17.535,10.650,0.820,8.405,1.600,0.600,-51.649444580078125,-26.39,-42.389,-68.779
exploit,17.485,9.350,0.636,8.247,0.721,2.089,-50.108642578125,-28.601,-40.083,-68.684
exploit,19.235,8.650,2.173,9.752,1.600,0.850,-50.08985900878906,-25.691,-50.188,-75.879
exploit,19.485,10.200,1.831,10.195,1.820,1.050,-50.10008239746094,-26.371,-45.476,-71.847
exploit,18.385,9.650,0.807,9.080,0.900,1.600,-50.2633056640625,-28.868,-45.669,-74.537
exploit,17.985,9.650,0.426,8.824,0.906,1.600,-50.34326171875,-27.884,-42.509,-70.393
exploit,17.785,10.600,0.799,8.528,1.600,0.650,-50.06756591796875,-27.624,-41.731,-69.355
exploit,19.435,9.800,1.810,10.207,1.485,1.450,-50.47540283203125,-29.586,-46.192,-75.778
exploit,17.435,9.400,0.510,8.202,0.738,2.018,-50.5316162109375,-27.246,-42.047,-69.293
exploit,18.535,9.800,1.277,9.244,1.061,1.450,-50.4068603515625,-29.063,-47.963,-77.026
exploit,17.935,9.550,0.325,8.743,0.814,1.600,-50.15673828125,-27.188,-46.191,-73.379
exploit,19.635,10.200,1.925,10.352,1.914,1.050,-50.52815246582031,-27.289,-45.384,-72.673
exploit,19.485,9.750,1.817,10.264,1.487,1.500,-50.123382568359375,-28.033,-47.335,-75.368
exploit,17.985,9.700,0.584,8.698,0.955,1.550,-50.50830078125,-27.913,-44.915,-72.828
exploit,19.435,10.150,1.684,10.227,1.750,1.100,-50.19935607910156,-25.93,-45.126,-71.056
exploit,17.485,9.400,0.684,8.384,0.763,2.052,-50.60760498046875,-27.422,-42.023,-69.445
exploit,17.685,10.800,0.603,8.628,1.600,0.450,-50.0345458984375,-25.488,-42.392,-67.88
exploit,18.085,9.650,0.391,8.792,0.900,1.600,-50.131591796875,-27.333,-42.828,-70.161
exploit,19.635,9.900,1.833,10.407,1.699,1.350,-50.08062744140625,-27.772,-46.872,-74.644
exploit,17.735,9.500,0.338,8.611,0.828,1.600,-51.324951171875,-27.418,-42.819,-70.237
