roberto_reward,marvin_reward,reward
-30.702,-149.604,-180.306
-1007.3,-1007.3,-2014.61
-22.3,-23.501,-45.801
-24.301,-23.902,-48.203
-1009.1,-1009.1,-2018.2
-1009.6,-1009.6,-2019.2
-21.806,-23.401,-45.207
-1009.11,-1009.11,-2018.21
-22.102,-22.503,-44.605
-1009.4,-1009.4,-2018.81
-22.817,-23.803,-46.62
-146.301,-149.4,-295.701
-1014.2,-1014.2,-2028.4
-1009.4,-1009.4,-2018.8
-1009.3,-1009.3,-2018.6
-1013.3,-1013.3,-2026.6
-1012.2,-1012.2,-2024.4
-1008.5,-1008.5,-2017
-1008.9,-1008.9,-2017.8
-23.006,-24.108,-47.114
-1008.32,-1008.32,-2016.63
-1012.8,-1012.8,-2025.6
-1012.2,-1012.2,-2024.4
-1008.41,-1008.41,-2016.82
-1009.32,-1009.32,-2018.64
-22.102,-24.2,-46.302
-1008.6,-1008.6,-2017.2
-21.7,-22.201,-43.901
-1013.8,-1013.8,-2027.6
-1011.12,-1011.12,-2022.23
-26.101,-25.6,-51.701
-1009.3,-1009.3,-2018.61
-1009.7,-1009.7,-2019.4
-22.804,-23.802,-46.606
-1010.7,-1010.7,-2021.4
-1008.6,-1008.6,-2017.2
-1008.42,-1008.42,-2016.83
-1010.32,-1010.32,-2020.65
-1008.51,-1008.51,-2017.01
-1007.9,-1007.9,-2015.8
-1008.8,-1008.8,-2017.6
-1015.71,-1015.71,-2031.42
-1013.3,-1013.3,-2026.6
-1010.2,-1010.2,-2020.4
-22.801,-25.002,-47.803
-23.401,-22.601,-46.002
-1008.4,-1008.4,-2016.8
-1009.2,-1009.2,-2018.4
-1008.5,-1008.5,-2017
-1007.6,-1007.6,-2015.2
-1008.9,-1008.9,-2017.81
-1008.6,-1008.6,-2017.2
-1008.9,-1008.9,-2017.8
-22.2,-23.502,-45.702
-1007.5,-1007.5,-2015.01
-1012,-1012,-2024
-1011.9,-1011.9,-2023.8
-1009.3,-1009.3,-2018.6
-22.102,-25,-47.102
-22.104,-22.5,-44.604
-21.003,-22.101,-43.104
-1007.6,-1007.6,-2015.2
-1011.21,-1011.21,-2022.41
-21.701,-22.703,-44.404
-24.1,-25.4,-49.5
-1008.4,-1008.4,-2016.8
-22.003,-24.001,-46.004
-22.801,-24.401,-47.202
-21.901,-22.701,-44.602
-1012.1,-1012.1,-2024.2
-1009.4,-1009.4,-2018.81
-1008.8,-1008.8,-2017.6
-1008.4,-1008.4,-2016.81
-1009.3,-1009.3,-2018.6
-1010.4,-1010.4,-2020.8
-1008.01,-1008.01,-2016.01
-1008.5,-1008.5,-2017
-22.701,-24.205,-46.906
-1010.4,-1010.4,-2020.81
-1009.7,-1009.7,-2019.4
-24.502,-24.116,-48.618
-1009,-1009,-2018
-30.702,-142.8,-173.502
-1009.7,-1009.7,-2019.4
-24.6,-26.313,-50.913
-22.901,-23.5,-46.401
-1008.2,-1008.2,-2016.41
-1008.5,-1008.5,-2017
-1011.7,-1011.7,-2023.4
-1011.81,-1011.81,-2023.61
-1010.53,-1010.53,-2021.06
-26.101,-25.5,-51.601
-1007.5,-1007.5,-2015
-22.1,-22.602,-44.702
-1008.6,-1008.6,-2017.2
-23.603,-22.8,-46.403
-1011.3,-1011.3,-2022.6
-1008.4,-1008.4,-2016.81
-1012.2,-1012.2,-2024.4
-1010,-1010,-2020
