roberto_reward,marvin_reward,reward
-1010.6,-1010.6,-2021.2
-1008,-1008,-2016
-1009.2,-1009.2,-2018.4
-1007.6,-1007.6,-2015.2
-23.6,-24.3,-47.9
-1007.5,-1007.5,-2015
-1007.6,-1007.6,-2015.21
-1011.82,-1011.82,-2023.63
-1011.2,-1011.2,-2022.41
-1007.9,-1007.9,-2015.8
-1007.6,-1007.6,-2015.2
-1007.3,-1007.3,-2014.6
-23.613,-25.212,-48.825
-1013.3,-1013.3,-2026.61
-21.915,-22.3,-44.215
-1011.9,-1011.9,-2023.81
-22.603,-22.8,-45.403
-1008.3,-1008.3,-2016.6
-1009.8,-1009.8,-2019.6
-1007.51,-1007.51,-2015.02
-1014.2,-1014.2,-2028.4
-1009.3,-1009.3,-2018.6
-1007.4,-1007.4,-2014.8
-23.907,-23.002,-46.909
-1008.31,-1008.31,-2016.61
-1008.6,-1008.6,-2017.2
-1010.7,-1010.7,-2021.4
-1011,-1011,-2022
-1008.4,-1008.4,-2016.8
-1008.7,-1008.7,-2017.4
-1007.81,-1007.81,-2015.62
-1008.6,-1008.6,-2017.2
-1008.9,-1008.9,-2017.8
-1012.9,-1012.9,-2025.8
-1008.3,-1008.3,-2016.6
-1008.7,-1008.7,-2017.4
-1008.12,-1008.12,-2016.23
-25.101,-24.103,-49.204
-1008.7,-1008.7,-2017.4
-1009.6,-1009.6,-2019.2
-1007.7,-1007.7,-2015.4
-1007.6,-1007.6,-2015.2
-24.2,-23.3,-47.5
-1007.7,-1007.7,-2015.4
-22,-22.5,-44.5
-1007.6,-1007.6,-2015.2
-1009,-1009,-2018
-1007.8,-1007.8,-2015.61
-21.702,-22.312,-44.014
-1008.3,-1008.3,-2016.6
-1008.2,-1008.2,-2016.4
-1009.6,-1009.6,-2019.2
-24.2,-25.2,-49.4
-1007.02,-1007.02,-2014.05
-1007.5,-1007.5,-2015
-1008.42,-1008.42,-2016.84
-21.805,-22.402,-44.207
-22.404,-24.203,-46.607
-22.203,-22.104,-44.307
-1007.9,-1007.9,-2015.81
-24.5,-25.202,-49.702
-22.608,-23.622,-46.23
-1008.3,-1008.3,-2016.6
-1010.21,-1010.21,-2020.41
-1014.8,-1014.8,-2029.6
-22.004,-22.804,-44.808
-1008.5,-1008.5,-2017.01
-147.801,-32.609,-180.41
-1007.8,-1007.8,-2015.61
-1007.3,-1007.3,-2014.61
-1011.4,-1011.4,-2022.8
-1011.6,-1011.6,-2023.2
-1010.6,-1010.6,-2021.2
-1008.6,-1008.6,-2017.2
-1011.8,-1011.8,-2023.6
-1008.2,-1008.2,-2016.41
-21.502,-22.601,-44.103
-1009,-1009,-2018
-1007.2,-1007.2,-2014.41
-1008.2,-1008.2,-2016.4
-22.303,-22.409,-44.712
-1007.5,-1007.5,-2015
-1014.21,-1014.21,-2028.42
-1008.2,-1008.2,-2016.4
-1008,-1008,-2016
-22.302,-23.503,-45.805
-1007.31,-1007.31,-2014.61
-1008.1,-1008.1,-2016.21
-1008.5,-1008.5,-2017.01
-1007.7,-1007.7,-2015.4
-1007.6,-1007.6,-2015.2
-1007.8,-1007.8,-2015.6
-1008.2,-1008.2,-2016.4
-1008,-1008,-2016
-1007.9,-1007.9,-2015.8
-1008.7,-1008.7,-2017.4
-23,-21.503,-44.503
-1008.9,-1008.9,-2017.8
-1009.1,-1009.1,-2018.2
-1007.7,-1007.7,-2015.4
