roberto_reward,marvin_reward,reward
-26.4,-24.7,-51.1
-23.302,-23.802,-47.104
-1007.41,-1007.41,-2014.83
-1013.8,-1013.8,-2027.61
-1010.11,-1010.11,-2020.21
-1015,-1015,-2030
-1010.9,-1010.9,-2021.8
-1008,-1008,-2016
-1009.6,-1009.6,-2019.2
-1010.02,-1010.02,-2020.04
-1012.5,-1012.5,-2025
-1009.32,-1009.32,-2018.65
-25.302,-25.101,-50.403
-1014.2,-1014.2,-2028.41
-1009.9,-1009.9,-2019.8
-1008.2,-1008.2,-2016.4
-1007.4,-1007.4,-2014.8
-1008.91,-1008.91,-2017.81
-1010.5,-1010.5,-2021
-1008.61,-1008.61,-2017.22
-22.301,-22.302,-44.603
-1008.8,-1008.8,-2017.6
-1013.6,-1013.6,-2027.2
-1008,-1008,-2016.01
-1010.7,-1010.7,-2021.41
-1009.41,-1009.41,-2018.82
-1008.8,-1008.8,-2017.61
-1008.9,-1008.9,-2017.8
-26.705,-25.7,-52.405
-23.303,-23.6,-46.903
-1009.8,-1009.8,-2019.6
-1008.6,-1008.6,-2017.2
-25.013,-23.614,-48.627
-1007.7,-1007.7,-2015.4
-1013.1,-1013.1,-2026.21
-24.603,-23.6,-48.203
-1016.5,-1016.5,-2033.01
-1007.9,-1007.9,-2015.8
-1007.7,-1007.7,-2015.4
-1011.2,-1011.2,-2022.41
-1011.41,-1011.41,-2022.82
-1009.8,-1009.8,-2019.6
-1008.21,-1008.21,-2016.41
-1012.5,-1012.5,-2025
-22.003,-23.902,-45.905
-1009.2,-1009.2,-2018.4
-1009.6,-1009.6,-2019.2
-22.705,-24.102,-46.807
-24.202,-22.317,-46.519
-1010.2,-1010.2,-2020.4
-1007.4,-1007.4,-2014.8
-1007.3,-1007.3,-2014.61
-1008.51,-1008.51,-2017.02
-24.703,-23.904,-48.607
-1007.9,-1007.9,-2015.8
-1007.4,-1007.4,-2014.8
-1009.2,-1009.2,-2018.4
-1008.4,-1008.4,-2016.8
-1011.4,-1011.4,-2022.8
-1008.1,-1008.1,-2016.21
-1011.7,-1011.7,-2023.41
-1010.2,-1010.2,-2020.41
-23.005,-22.702,-45.707
-1009,-1009,-2018
-1012.4,-1012.4,-2024.8
-1008.3,-1008.3,-2016.6
-1013.4,-1013.4,-2026.81
-148.8,-32.402,-181.202
-1007.7,-1007.7,-2015.4
-1007.5,-1007.5,-2015
-1007.11,-1007.11,-2014.23
-1009.21,-1009.21,-2018.41
-1012.8,-1012.8,-2025.6
-1009.1,-1009.1,-2018.2
-145.411,-32.616,-178.027
-1012.41,-1012.41,-2024.81
-1008.7,-1008.7,-2017.41
-1012,-1012,-2024
-30.201,-28.403,-58.604
-1009.02,-1009.02,-2018.03
-23.603,-24.905,-48.508
-23.712,-23.201,-46.913
-1008.2,-1008.2,-2016.4
-1009.42,-1009.42,-2018.84
-1008.4,-1008.4,-2016.8
-1007.9,-1007.9,-2015.81
-1008.1,-1008.1,-2016.2
-1008.61,-1008.61,-2017.21
-1008.5,-1008.5,-2017
-1009.1,-1009.1,-2018.21
-1009.7,-1009.7,-2019.4
-23.9,-24.6,-48.5
-22.603,-22.003,-44.606
-1008.3,-1008.3,-2016.6
-1008.2,-1008.2,-2016.4
-1011.6,-1011.6,-2023.21
-1009.7,-1009.7,-2019.4
-22.004,-22.512,-44.516
-1010.21,-1010.21,-2020.43
-1008,-1008,-2016
