roberto_reward,marvin_reward,reward
-1007.8,-1007.8,-2015.6
-1008.31,-1008.31,-2016.61
-1011.5,-1011.5,-2023
-1014.71,-1014.71,-2029.41
-1011.8,-1011.8,-2023.6
-22.919,-23.92,-46.839
-1009.4,-1009.4,-2018.8
-1011.9,-1011.9,-2023.8
-1007.41,-1007.41,-2014.82
-22.91,-26.308,-49.218
-1009.1,-1009.1,-2018.21
-1007.8,-1007.8,-2015.6
-1013.42,-1013.42,-2026.83
-1009.4,-1009.4,-2018.8
-1009.2,-1009.2,-2018.41
-1008.21,-1008.21,-2016.41
-1010.6,-1010.6,-2021.2
-24.904,-23.201,-48.105
-1010,-1010,-2020
-1008.3,-1008.3,-2016.6
-1008.9,-1008.9,-2017.8
-1008.3,-1008.3,-2016.6
-22.901,-23.6,-46.501
-1011,-1011,-2022
-1007.61,-1007.61,-2015.21
-1007.9,-1007.9,-2015.8
-22.101,-24.2,-46.301
-1007.8,-1007.8,-2015.6
-144.5,-33.001,-177.501
-1009.9,-1009.9,-2019.8
-1011.3,-1011.3,-2022.61
-1010.51,-1010.51,-2021.03
-21.6,-21.5,-43.1
-1008,-1008,-2016
-1007.6,-1007.6,-2015.21
-23.202,-23.202,-46.404
-1010,-1010,-2020
-1009.5,-1009.5,-2019
-1007.51,-1007.51,-2015.02
-1007.3,-1007.3,-2014.6
-1014.51,-1014.51,-2029.01
-1009.5,-1009.5,-2019.01
-1012.3,-1012.3,-2024.6
-23.606,-24.203,-47.809
-1007.5,-1007.5,-2015
-1007.5,-1007.5,-2015
-1013.41,-1013.41,-2026.83
-1008.4,-1008.4,-2016.8
-31.103,-173,-204.103
-1008,-1008,-2016
-1012.5,-1012.5,-2025.01
-1011.4,-1011.4,-2022.8
-1008.53,-1008.53,-2017.05
-1009.2,-1009.2,-2018.4
-21.903,-22.405,-44.308
-152.002,-39.908,-191.91
-1008.3,-1008.3,-2016.6
-23.311,-24.3,-47.611
-1011,-1011,-2022
-23.102,-23.402,-46.504
-22.1,-22.203,-44.303
-1009,-1009,-2018
-1008.71,-1008.71,-2017.41
-1008.9,-1008.9,-2017.8
-1007.5,-1007.5,-2015
-27.9,-139.62,-167.52
-1007.6,-1007.6,-2015.2
-22.002,-22.601,-44.603
-1008.9,-1008.9,-2017.8
-24.1,-23.402,-47.502
-1007.8,-1007.8,-2015.61
-1011.51,-1011.51,-2023.01
-1007.3,-1007.3,-2014.6
-1007.81,-1007.81,-2015.62
-1012.71,-1012.71,-2025.41
-1008.7,-1008.7,-2017.4
-1015.4,-1015.4,-2030.8
-22.503,-22.702,-45.205
-1007.91,-1007.91,-2015.83
-1008.5,-1008.5,-2017
-23.207,-23.501,-46.708
-22.331,-24.21,-46.541
-22.2,-22.602,-44.802
-1008.5,-1008.5,-2017
-1012.1,-1012.1,-2024.2
-1008.9,-1008.9,-2017.8
-1012.5,-1012.5,-2025
-1008.2,-1008.2,-2016.41
-1011.7,-1011.7,-2023.41
-1007.5,-1007.5,-2015
-1007.7,-1007.7,-2015.4
-1012,-1012,-2024.01
-21.002,-22.102,-43.104
-1008.6,-1008.6,-2017.2
-1007.61,-1007.61,-2015.21
-1010.61,-1010.61,-2021.22
-22.303,-22.102,-44.405
-1012,-1012,-2024
-23.303,-23.904,-47.207
-1008.8,-1008.8,-2017.6
