roberto_reward,marvin_reward,reward
-25.709,-23.004,-48.713
-1009.62,-1009.62,-2019.24
-21.8,-23,-44.8
-1008.6,-1008.6,-2017.2
-1014.9,-1014.9,-2029.81
-1009.2,-1009.2,-2018.4
-1007.9,-1007.9,-2015.8
-1008.2,-1008.2,-2016.4
-26.502,-28.101,-54.603
-1008.5,-1008.5,-2017
-21.8,-22.501,-44.301
-1009.9,-1009.9,-2019.8
-1014.9,-1014.9,-2029.8
-1011.5,-1011.5,-2023.01
-1010,-1010,-2020
-1008.8,-1008.8,-2017.61
-1010.1,-1010.1,-2020.2
-1011.9,-1011.9,-2023.8
-1015.2,-1015.2,-2030.4
-1008.3,-1008.3,-2016.6
-23.202,-23.915,-47.117
-21.607,-24.2,-45.807
-1010.1,-1010.1,-2020.2
-1010.1,-1010.1,-2020.2
-32.53,-21.9,-54.43
-1009.1,-1009.1,-2018.2
-1006.9,-1006.9,-2013.81
-1008.3,-1008.3,-2016.61
-1007.61,-1007.61,-2015.22
-1009.9,-1009.9,-2019.8
-1009.02,-1009.02,-2018.04
-21.701,-23.703,-45.404
-1008.4,-1008.4,-2016.8
-1008.4,-1008.4,-2016.8
-1012,-1012,-2024
-1011.5,-1011.5,-2023
-22.201,-23.425,-45.626
-1011.1,-1011.1,-2022.2
-1007.6,-1007.6,-2015.21
-1008.4,-1008.4,-2016.8
-21.801,-22.803,-44.604
-22.7,-23.302,-46.002
-1007.3,-1007.3,-2014.6
-1009.1,-1009.1,-2018.2
-1007.8,-1007.8,-2015.61
-1008.8,-1008.8,-2017.6
-1007.52,-1007.52,-2015.05
-1008.7,-1008.7,-2017.4
-1008,-1008,-2016
-1008.2,-1008.2,-2016.4
-26.203,-32.3,-58.503
-1007.42,-1007.42,-2014.84
-22.003,-22.702,-44.705
-22,-23.202,-45.202
-23.101,-24.502,-47.603
-1008,-1008,-2016
-1014.8,-1014.8,-2029.6
-1010.2,-1010.2,-2020.41
-1008.5,-1008.5,-2017
-1007.82,-1007.82,-2015.64
-1012.4,-1012.4,-2024.8
-1011.5,-1011.5,-2023.01
-1012.4,-1012.4,-2024.8
-1007.3,-1007.3,-2014.6
-1007.9,-1007.9,-2015.81
-1007.62,-1007.62,-2015.23
-22.001,-22.906,-44.907
-1008.4,-1008.4,-2016.81
-1009.8,-1009.8,-2019.6
-1007.5,-1007.5,-2015
-1011.42,-1011.42,-2022.84
-1008.5,-1008.5,-2017
-1009,-1009,-2018
-1007.9,-1007.9,-2015.81
-1007.2,-1007.2,-2014.4
-1010.4,-1010.4,-2020.8
-1008.2,-1008.2,-2016.4
-1007.3,-1007.3,-2014.6
-21.801,-22.301,-44.102
-1009.2,-1009.2,-2018.4
-1007.73,-1007.73,-2015.45
-23.109,-22.307,-45.416
-1008.4,-1008.4,-2016.8
-23.403,-23.602,-47.005
-22.601,-23.501,-46.102
-1013.4,-1013.4,-2026.8
-1010.61,-1010.61,-2021.22
-1010.93,-1010.93,-2021.87
-21.407,-22.601,-44.008
-1007.6,-1007.6,-2015.21
-25.602,-24.301,-49.903
-1007.71,-1007.71,-2015.41
-1013,-1013,-2026
-1007.44,-1007.44,-2014.88
-1007.9,-1007.9,-2015.8
-24.702,-23.003,-47.705
-1007.7,-1007.7,-2015.4
-1011.91,-1011.91,-2023.82
-1008.1,-1008.1,-2016.2
-24.2,-23.3,-47.5
