roberto_reward,marvin_reward,reward
-1013.5,-1013.5,-2027
-1011.6,-1011.6,-2023.2
-1015.01,-1015.01,-2030.02
-146.401,-33.801,-180.202
-1011.6,-1011.6,-2023.2
-1009.5,-1009.5,-2019.01
-24.804,-26.5,-51.304
-1011.92,-1011.92,-2023.83
-22.702,-22.508,-45.21
-1007.8,-1007.8,-2015.6
-1009.1,-1009.1,-2018.2
-1007.9,-1007.9,-2015.8
-21.502,-23.706,-45.208
-1012.83,-1012.83,-2025.65
-22.102,-23.603,-45.705
-1008.5,-1008.5,-2017
-1008.4,-1008.4,-2016.81
-1008.5,-1008.5,-2017
-1007.4,-1007.4,-2014.8
-23.6,-22.204,-45.804
-1007.5,-1007.5,-2015
-1007.6,-1007.6,-2015.2
-1007.22,-1007.22,-2014.44
-1008.8,-1008.8,-2017.61
-1007.8,-1007.8,-2015.6
-24.701,-26.101,-50.802
-1009.9,-1009.9,-2019.8
-1007.9,-1007.9,-2015.8
-1008.1,-1008.1,-2016.21
-1009.7,-1009.7,-2019.4
-22.004,-23.1,-45.104
-1008.8,-1008.8,-2017.61
-1009.8,-1009.8,-2019.61
-1009.5,-1009.5,-2019
-1007.4,-1007.4,-2014.8
-1009.61,-1009.61,-2019.22
-1011.82,-1011.82,-2023.64
-22.905,-23.503,-46.408
-1007.5,-1007.5,-2015
-1009.7,-1009.7,-2019.4
-30.101,-143.1,-173.201
-1013.2,-1013.2,-2026.4
-1009.52,-1009.52,-2019.03
-1008.5,-1008.5,-2017
-1009.7,-1009.7,-2019.4
-1009.7,-1009.7,-2019.4
-1009.8,-1009.8,-2019.61
-21.802,-22.902,-44.704
-1007.8,-1007.8,-2015.6
-1011.6,-1011.6,-2023.2
-1009.7,-1009.7,-2019.4
-23.902,-24.202,-48.104
-1008.7,-1008.7,-2017.4
-30.201,-160.312,-190.513
-1009.1,-1009.1,-2018.2
-23.902,-24.602,-48.504
-29.802,-142.102,-171.904
-1012.31,-1012.31,-2024.61
-1009,-1009,-2018
-1010.2,-1010.2,-2020.4
-23.302,-24.003,-47.305
-1008.4,-1008.4,-2016.8
-21.5,-22.514,-44.014
-142.402,-30.704,-173.106
-1012,-1012,-2024.01
-1011.3,-1011.3,-2022.61
-1008.2,-1008.2,-2016.4
-1011.9,-1011.9,-2023.81
-146.517,-33.301,-179.818
-1008.2,-1008.2,-2016.4
-1007.4,-1007.4,-2014.81
-1008.5,-1008.5,-2017.01
-1011,-1011,-2022
-1011.6,-1011.6,-2023.2
-1010.6,-1010.6,-2021.2
-21.802,-22.614,-44.416
-1010.5,-1010.5,-2021
-1007.9,-1007.9,-2015.81
-1008.5,-1008.5,-2017
-1010.01,-1010.01,-2020.01
-1009.1,-1009.1,-2018.2
-23.102,-24.318,-47.42
-1012.3,-1012.3,-2024.61
-1010.3,-1010.3,-2020.6
-1009.4,-1009.4,-2018.8
-1009.7,-1009.7,-2019.4
-1010.9,-1010.9,-2021.8
-1009.21,-1009.21,-2018.42
-1009.3,-1009.3,-2018.6
-1010.4,-1010.4,-2020.8
-1008.3,-1008.3,-2016.6
-1008.8,-1008.8,-2017.6
-1014.3,-1014.3,-2028.6
-23.404,-25.2,-48.604
-23.503,-22.7,-46.203
-1009.4,-1009.4,-2018.8
-1009.4,-1009.4,-2018.81
-21.803,-22.9,-44.703
-23.8,-24.501,-48.301
-25.5,-25.103,-50.603
