roberto_reward,marvin_reward,reward
-1014.8,-1014.8,-2029.61
-1013.9,-1013.9,-2027.8
-1011.2,-1011.2,-2022.4
-1011.7,-1011.7,-2023.41
-1008.2,-1008.2,-2016.4
-1007.8,-1007.8,-2015.6
-1008.5,-1008.5,-2017.01
-22.403,-22.101,-44.504
-1011.4,-1011.4,-2022.8
-22.103,-24.224,-46.327
-1007.4,-1007.4,-2014.81
-1008.51,-1008.51,-2017.02
-1007.51,-1007.51,-2015.03
-1009.3,-1009.3,-2018.61
-1007.8,-1007.8,-2015.6
-1008.2,-1008.2,-2016.4
-22.401,-23.501,-45.902
-24.401,-22.501,-46.902
-1007.4,-1007.4,-2014.8
-24.501,-22.722,-47.223
-1011.6,-1011.6,-2023.21
-1010.6,-1010.6,-2021.21
-22.401,-23.502,-45.903
-1007.6,-1007.6,-2015.2
-1010,-1010,-2020
-1011.2,-1011.2,-2022.4
-23.1,-22.802,-45.902
-1007.5,-1007.5,-2015.01
-1009.5,-1009.5,-2019
-1007.31,-1007.31,-2014.63
-1012.9,-1012.9,-2025.8
-1011.1,-1011.1,-2022.21
-22.303,-24.205,-46.508
-1008.6,-1008.6,-2017.21
-1007.2,-1007.2,-2014.4
-1012.8,-1012.8,-2025.61
-1012.3,-1012.3,-2024.6
-1008.9,-1008.9,-2017.81
-1007.42,-1007.42,-2014.84
-23.707,-23.206,-46.913
-1007.9,-1007.9,-2015.8
-1011.8,-1011.8,-2023.6
-22.104,-23.228,-45.332
-22.8,-23.8,-46.6
-1009.72,-1009.72,-2019.43
-1011.6,-1011.6,-2023.2
-22.003,-22.7,-44.703
-31.1,-161.601,-192.701
-1008.3,-1008.3,-2016.6
-1011.9,-1011.9,-2023.8
-1009.41,-1009.41,-2018.82
-22.301,-21.81,-44.111
-1008.2,-1008.2,-2016.41
-1007.7,-1007.7,-2015.4
-1009.9,-1009.9,-2019.8
-1013,-1013,-2026.01
-1012.9,-1012.9,-2025.81
-1008.3,-1008.3,-2016.6
-1012.5,-1012.5,-2025
-1008.41,-1008.41,-2016.82
-22.5,-24.002,-46.502
-1007.9,-1007.9,-2015.8
-1007.3,-1007.3,-2014.6
-22.9,-24.7,-47.6
-1008.4,-1008.4,-2016.81
-1011,-1011,-2022
-1013.91,-1013.91,-2027.82
-1007.9,-1007.9,-2015.8
-1008.4,-1008.4,-2016.81
-1012.1,-1012.1,-2024.2
-1008.3,-1008.3,-2016.6
-1007.5,-1007.5,-2015.01
-22.1,-23.305,-45.405
-1009.91,-1009.91,-2019.82
-1008.51,-1008.51,-2017.03
-1011.54,-1011.54,-2023.07
-1009,-1009,-2018.01
-1010.4,-1010.4,-2020.8
-23.7,-24.4,-48.1
-1007.8,-1007.8,-2015.6
-1011.71,-1011.71,-2023.41
-22.3,-24.502,-46.802
-1008.8,-1008.8,-2017.6
-1008.5,-1008.5,-2017.01
-1007.5,-1007.5,-2015
-22.701,-23.2,-45.901
-1009.6,-1009.6,-2019.2
-1007.4,-1007.4,-2014.8
-1007.4,-1007.4,-2014.8
-21.213,-22.81,-44.023
-1007.41,-1007.41,-2014.81
-1008.9,-1008.9,-2017.8
-1007.5,-1007.5,-2015
-1011.82,-1011.82,-2023.64
-1007,-1007,-2014
-1012.9,-1012.9,-2025.81
-1008.71,-1008.71,-2017.43
-1007.31,-1007.31,-2014.63
-1012.2,-1012.2,-2024.4
-1012.71,-1012.71,-2025.43
