roberto_reward,marvin_reward,reward
-1014,-1014,-2028
-1009.1,-1009.1,-2018.2
-25.315,-25.315,-50.63
-1007.91,-1007.91,-2015.81
-1010.9,-1010.9,-2021.8
-22.201,-22.501,-44.702
-1008.2,-1008.2,-2016.4
-1008.5,-1008.5,-2017
-1009.7,-1009.7,-2019.4
-1007.6,-1007.6,-2015.2
-21.903,-25.104,-47.007
-1010.8,-1010.8,-2021.6
-143.901,-30.603,-174.504
-1007.5,-1007.5,-2015
-1007.5,-1007.5,-2015
-1008.4,-1008.4,-2016.8
-1010.8,-1010.8,-2021.6
-1009.3,-1009.3,-2018.6
-22.502,-24.2,-46.702
-1007.5,-1007.5,-2015.01
-1008.5,-1008.5,-2017
-1013,-1013,-2026
-1007.6,-1007.6,-2015.2
-1011.31,-1011.31,-2022.61
-1007.5,-1007.5,-2015
-22.302,-21.8,-44.102
-1008.2,-1008.2,-2016.4
-22.003,-23.213,-45.216
-1011.4,-1011.4,-2022.8
-1011.1,-1011.1,-2022.2
-1011.5,-1011.5,-2023
-1011.61,-1011.61,-2023.21
-1008.5,-1008.5,-2017
-1008.72,-1008.72,-2017.44
-1007.91,-1007.91,-2015.81
-22.001,-23.002,-45.003
-22.304,-23.007,-45.311
-22.911,-23.106,-46.017
-1013.5,-1013.5,-2027
-1008.7,-1008.7,-2017.41
-1007.6,-1007.6,-2015.2
-1007.3,-1007.3,-2014.6
-1008.4,-1008.4,-2016.8
-1008.4,-1008.4,-2016.8
-1008.4,-1008.4,-2016.8
-1010.9,-1010.9,-2021.8
-1011.3,-1011.3,-2022.6
-22.704,-24.502,-47.206
-1007.8,-1007.8,-2015.6
-1008.2,-1008.2,-2016.4
-1007.81,-1007.81,-2015.62
-1011,-1011,-2022
-1010.61,-1010.61,-2021.22
-22.314,-22.502,-44.816
-1007.9,-1007.9,-2015.8
-1007.8,-1007.8,-2015.6
-1009.3,-1009.3,-2018.6
-1007.7,-1007.7,-2015.4
-1010.9,-1010.9,-2021.8
-1008.4,-1008.4,-2016.81
-1007.3,-1007.3,-2014.6
-28.503,-162.101,-190.604
-1008,-1008,-2016
-1007.2,-1007.2,-2014.4
-1007.91,-1007.91,-2015.81
-143.602,-33.406,-177.008
-1008.2,-1008.2,-2016.4
-1008.7,-1008.7,-2017.4
-1009.5,-1009.5,-2019.01
-1008.7,-1008.7,-2017.4
-1012.51,-1012.51,-2025.02
-25.202,-22.903,-48.105
-1009.4,-1009.4,-2018.8
-1007.6,-1007.6,-2015.2
-1011.1,-1011.1,-2022.21
-21.501,-22.102,-43.603
-1011.3,-1011.3,-2022.6
-1014,-1014,-2028
-1007.4,-1007.4,-2014.8
-1008.4,-1008.4,-2016.8
-1012.1,-1012.1,-2024.2
-1008.6,-1008.6,-2017.2
-1008.3,-1008.3,-2016.61
-23.702,-23.909,-47.611
-1009.1,-1009.1,-2018.2
-1008.8,-1008.8,-2017.61
-1008,-1008,-2016
-23.5,-23.607,-47.107
-22.211,-23.301,-45.512
-1008,-1008,-2016
-1007.8,-1007.8,-2015.6
-25,-23.702,-48.702
-28.924,-140.8,-169.724
-1008.43,-1008.43,-2016.86
-1012.6,-1012.6,-2025.2
-1008.32,-1008.32,-2016.64
-23.001,-24.003,-47.004
-22.411,-23.201,-45.612
-24.701,-23.402,-48.103
-1011.6,-1011.6,-2023.2
