roberto_reward,marvin_reward,reward
-1007.7,-1007.7,-2015.4
-1009.91,-1009.91,-2019.82
-1009.21,-1009.21,-2018.42
-1012,-1012,-2024
-1007.81,-1007.81,-2015.62
-144.801,-31.403,-176.204
-1009.42,-1009.42,-2018.85
-1009.6,-1009.6,-2019.2
-1007.5,-1007.5,-2015
-1008.7,-1008.7,-2017.4
-1008.4,-1008.4,-2016.8
-1007.5,-1007.5,-2015
-1012.7,-1012.7,-2025.4
-148.701,-31.501,-180.202
-1008.2,-1008.2,-2016.41
-1009.62,-1009.62,-2019.24
-1009.62,-1009.62,-2019.23
-1007.6,-1007.6,-2015.21
-1007.8,-1007.8,-2015.6
-1010.9,-1010.9,-2021.8
-1010.91,-1010.91,-2021.82
-1008.2,-1008.2,-2016.41
-1010.1,-1010.1,-2020.21
-1007.2,-1007.2,-2014.4
-1007.7,-1007.7,-2015.4
-149.202,-33.704,-182.906
-1008.2,-1008.2,-2016.4
-1011.3,-1011.3,-2022.6
-1010.5,-1010.5,-2021
-1015.3,-1015.3,-2030.6
-1007.3,-1007.3,-2014.6
-1010.2,-1010.2,-2020.4
-26.403,-25.801,-52.204
-1008.1,-1008.1,-2016.21
-1008.2,-1008.2,-2016.4
-1010.7,-1010.7,-2021.4
-25.604,-26.201,-51.805
-1009.8,-1009.8,-2019.6
-1009.3,-1009.3,-2018.61
-1008.9,-1008.9,-2017.8
-1009.9,-1009.9,-2019.8
-1007.7,-1007.7,-2015.4
-144.702,-30.801,-175.503
-1008,-1008,-2016
-1012.21,-1012.21,-2024.42
-1009.41,-1009.41,-2018.81
-1007.5,-1007.5,-2015.01
-1009.11,-1009.11,-2018.23
-1007.1,-1007.1,-2014.2
-1007.5,-1007.5,-2015
-1011,-1011,-2022
-1008.6,-1008.6,-2017.21
-1008.1,-1008.1,-2016.21
-24.301,-22.603,-46.904
-1008.71,-1008.71,-2017.41
-1007.4,-1007.4,-2014.8
-1007.41,-1007.41,-2014.83
-1009.32,-1009.32,-2018.65
-1007,-1007,-2014
-149.11,-34.001,-183.111
-1012.6,-1012.6,-2025.2
-1012.7,-1012.7,-2025.4
-1012.7,-1012.7,-2025.4
-1008.4,-1008.4,-2016.8
-1010.4,-1010.4,-2020.8
-1008.11,-1008.11,-2016.21
-25.511,-26.3,-51.811
-1010.31,-1010.31,-2020.62
-1011.21,-1011.21,-2022.42
-1009.2,-1009.2,-2018.4
-1011.6,-1011.6,-2023.2
-1011.72,-1011.72,-2023.44
-1007.4,-1007.4,-2014.8
-1009.61,-1009.61,-2019.23
-1008.2,-1008.2,-2016.4
-1011.91,-1011.91,-2023.82
-1009,-1009,-2018.01
-1008.31,-1008.31,-2016.62
-23.502,-23.801,-47.303
-23.901,-22.203,-46.104
-1008,-1008,-2016.01
-22,-22.907,-44.907
-1008.2,-1008.2,-2016.4
-1007.6,-1007.6,-2015.2
-1008.8,-1008.8,-2017.6
-1008.4,-1008.4,-2016.8
-1007.7,-1007.7,-2015.4
-1009,-1009,-2018
-1007.22,-1007.22,-2014.43
-1008.9,-1008.9,-2017.81
-1011.6,-1011.6,-2023.2
-1009.2,-1009.2,-2018.4
-24.602,-25,-49.602
-23.409,-22.9,-46.309
-1009.41,-1009.41,-2018.82
-1012,-1012,-2024
-1010.6,-1010.6,-2021.2
-1008.3,-1008.3,-2016.6
-24.116,-24.616,-48.732
-1011.3,-1011.3,-2022.6
