type,wx,wy,d1,d2,d3,d4,E_reward,roberto_reward,marvin_reward,reward
exploit,10.135,18.400,2.999,11.548,0.430,0.894,-0.4999999701976776,-30.021,-50.417,-80.438
exploit,10.985,18.050,2.179,10.758,0.700,0.850,-0.4999999701976776,-152.578,-54.28,-206.858
exploit,15.835,18.050,2.597,5.969,0.700,0.850,-0.4999999701976776,-131.822,-34.12,-165.942
exploit,14.635,18.150,1.582,6.958,0.600,0.950,-0.4999999701976776,-26.786,-38.989,-65.775
exploit,13.485,17.850,0.188,8.253,0.900,0.650,-0.4999999701976776,-140.264,-200,-340.264
exploit,12.885,18.050,0.379,8.927,0.700,0.850,-0.5002643465995789,-138.735,-38.035,-176.77
exploit,17.085,17.600,3.930,4.634,1.151,0.400,-0.5121849179267883,-135.023,-144.223,-279.246
exploit,17.085,17.600,3.920,4.572,1.151,0.400,-0.5088319182395935,-135.657,-142.457,-278.114
exploit,9.485,17.650,3.991,12.219,1.118,0.450,-0.8482663631439209,-31.169,-52.166,-83.335
exploit,9.185,17.650,4.008,12.581,1.100,0.450,-0.586613655090332,-31.97,-53.369,-85.339
exploit,11.785,17.600,1.294,9.849,1.150,0.400,-2.3096089363098145,-30.752,-48.051,-78.803
exploit,12.035,17.600,1.309,9.731,1.150,0.400,-2.218366861343384,-26.767,-48.767,-75.534
exploit,12.135,18.350,1.340,9.753,0.400,1.150,-6.312091827392578,-26.619,-44.419,-71.038
exploit,9.235,18.350,4.063,12.594,0.400,1.150,-6.525871753692627,-29.644,-54.245,-83.889
exploit,9.335,18.350,3.975,12.545,0.403,1.150,-6.998834609985352,-27.246,-52.847,-80.093
exploit,14.285,17.600,1.251,7.361,1.150,0.400,-6.779178142547607,-26.446,-38.548,-64.994
exploit,14.385,17.600,1.221,7.395,1.150,0.400,-6.8364577293396,-26.27,-36.065,-62.335
explore,14.335,18.050,1.406,7.157,0.700,0.850,-35.86968231201172,-137.144,-38.245,-175.389
exploit,16.685,18.350,3.441,5.044,0.400,1.150,-8.03210163116455,-132.883,-31.982,-164.865
explore,11.035,18.300,2.440,10.507,0.450,1.100,-60.299232482910156,-30.368,-48.079,-78.447
explore,16.885,18.150,3.694,4.902,0.600,0.950,-90.16419982910156,-134.243,-35.944,-170.187
exploit,10.235,17.600,3.102,11.616,1.160,0.400,-10.863466262817383,-34.184,-51.483,-85.667
exploit,10.235,17.600,3.076,11.591,1.160,0.400,-10.758974075317383,-29.955,-48.954,-78.909
exploit,15.135,17.600,1.946,6.518,1.150,0.400,-15.284062385559082,-26.313,-36.315,-62.628
exploit,15.185,17.650,2.021,6.558,1.100,0.450,-18.113231658935547,-30.746,-42.546,-73.292
exploit,16.185,17.600,3.004,5.564,1.150,0.400,-23.44193458557129,-151.67,-33.868,-185.538
exploit,16.285,17.600,3.060,5.437,1.150,0.400,-23.887969970703125,-132.263,-36.862,-169.125
exploit,15.285,18.350,2.148,6.472,0.400,1.150,-26.007251739501953,-30.783,-40.782,-71.565
exploit,15.385,18.350,2.052,6.439,0.400,1.150,-24.582378387451172,-32.203,-40.404,-72.607
exploit,13.985,18.350,0.829,7.766,0.400,1.150,-26.628013610839844,-25.864,-39.165,-65.029
exploit,13.885,18.350,0.871,7.856,0.400,1.150,-26.13646697998047,-25.625,-37.626,-63.251
exploit,9.785,18.950,3.585,11.998,0.450,0.550,-30.871644973754883,-28.358,-57.759,-86.117
exploit,9.935,18.950,3.402,11.811,0.400,0.600,-32.60988235473633,-136.358,-47.359,-183.717
exploit,12.385,18.350,0.931,9.400,0.400,1.150,-33.57141876220703,-25.692,-40.384,-66.076
exploit,12.435,18.350,0.999,9.322,0.400,1.150,-32.94589614868164,-28.177,-46.777,-74.954
exploit,11.485,17.600,1.807,10.297,1.150,0.400,-35.773658752441406,-33.176,-49.475,-82.651
exploit,11.385,17.600,1.782,10.339,1.150,0.400,-35.752281188964844,-28.672,-46.974,-75.646
exploit,12.535,17.600,0.821,9.333,1.150,0.400,-34.89783477783203,-28.743,-44.143,-72.886
exploit,12.485,17.600,1.007,9.234,1.150,0.400,-33.21135711669922,-28.472,-44.071,-72.543
exploit,10.285,17.600,2.696,10.983,1.154,0.400,-36.885780334472656,-30.656,-51.752,-82.408
exploit,11.435,18.300,1.677,9.976,0.450,1.100,-39.067779541015625,-26.879,-46.68,-73.559
exploit,11.735,18.350,1.756,10.142,0.400,1.150,-38.98273468017578,-29.976,-51.288,-81.264
exploit,10.435,18.350,2.897,11.262,0.400,1.150,-38.448707580566406,-29.686,-48.686,-78.372
exploit,10.535,18.350,2.777,11.359,0.400,1.150,-38.38313293457031,-29.841,-49.743,-79.584
exploit,14.185,17.600,0.904,7.302,1.150,0.400,-41.25517272949219,-26.495,-39.895,-66.39
exploit,14.335,17.600,1.080,7.508,1.150,0.400,-47.24040985107422,-27.293,-40.893,-68.186
exploit,15.085,18.350,1.814,6.672,0.400,1.150,-48.83839797973633,-29.291,-40.393,-69.684
exploit,15.035,17.600,1.919,6.509,1.150,0.400,-48.907562255859375,-28.009,-36.809,-64.818
exploit,15.085,17.600,1.836,6.677,1.150,0.400,-49.63288879394531,-28.757,-39.157,-67.914
exploit,14.035,18.350,0.902,7.750,0.400,1.150,-51.24760055541992,-29.964,-36.563,-66.527
exploit,9.835,17.600,3.472,11.928,1.275,0.400,-50.71274185180664,-29.036,-49.137,-78.173
exploit,9.685,17.600,3.550,12.121,1.218,0.400,-52.65159225463867,-29.541,-48.941,-78.482
exploit,15.485,17.600,2.182,6.316,1.150,0.400,-54.768211364746094,-30.431,-35.831,-66.262
exploit,12.185,18.350,1.162,9.643,0.400,1.150,-54.5401496887207,-30.574,-51.073,-81.647
exploit,17.035,18.350,3.995,4.404,0.400,1.150,-43.64490509033203,-134.275,-36.772,-171.047
exploit,13.885,18.350,0.955,7.859,0.400,1.150,-52.87765884399414,-27.231,-37.93,-65.161
exploit,13.635,18.350,0.993,7.825,0.400,1.150,-52.677520751953125,-25.992,-40.193,-66.185
exploit,16.135,18.350,2.890,5.663,0.400,1.150,-55.31687545776367,-132.86,-35.265,-168.125
exploit,16.085,18.350,2.828,5.642,0.400,1.150,-55.10649108886719,-134.313,-33.31,-167.623
exploit,14.735,18.350,1.865,6.788,0.400,1.150,-54.83561706542969,-27.866,-37.164,-65.03
exploit,14.985,18.350,1.899,6.726,0.400,1.150,-54.852500915527344,-29.207,-39.006,-68.213
exploit,14.135,17.600,0.988,7.671,1.150,0.400,-54.18046188354492,-26.539,-39.54,-66.079
exploit,15.485,17.600,2.103,6.244,1.150,0.400,-55.11905288696289,-152.949,-200,-352.949
exploit,9.185,17.600,4.061,12.589,1.150,0.400,-53.28192138671875,-33.84,-56.84,-90.68
exploit,14.835,17.600,1.648,6.829,1.150,0.400,-44.014549255371094,-29.043,-35.944,-64.987
exploit,14.985,17.600,1.723,6.882,1.150,0.400,-41.82931900024414,-26.554,-35.356,-61.91
exploit,14.885,17.600,1.740,6.916,1.150,0.400,-46.50071716308594,-29.473,-40.474,-69.947
exploit,14.635,17.600,1.542,7.061,1.150,0.400,-54.85905075073242,-27.071,-34.872,-61.943
exploit,14.885,17.600,1.610,6.871,1.150,0.400,-56.85437774658203,-26.62,-34.12,-60.74
exploit,14.885,17.600,1.623,6.831,1.150,0.400,-57.67106628417969,-26.922,-33.123,-60.045
exploit,9.285,18.350,4.061,12.597,0.400,1.150,-56.984413146972656,-32.298,-61.797,-94.095
exploit,9.185,18.350,4.051,12.609,0.400,1.150,-56.898345947265625,-30.469,-54.37,-84.839
exploit,14.935,17.600,1.651,6.849,1.150,0.400,-58.203704833984375,-28.173,-34.072,-62.245
exploit,14.785,17.600,1.739,6.873,1.150,0.400,-56.58564376831055,-29.562,-40.663,-70.225
exploit,10.435,17.600,2.784,11.253,1.150,0.400,-58.68919372558594,-31.051,-55.755,-86.806
exploit,12.285,18.350,0.966,9.062,0.400,1.150,-54.33076858520508,-26.901,-40.506,-67.407
explore,9.635,18.000,3.475,12.035,0.828,0.800,-80.61602020263672,-158.464,-200,-358.464
exploit,14.135,17.600,0.900,7.569,1.150,0.400,-58.4698486328125,-30.193,-38.891,-69.084
exploit,14.035,18.350,0.779,7.808,0.400,1.150,-59.53072738647461,-26.873,-40.571,-67.444
exploit,12.485,17.600,0.866,9.369,1.150,0.400,-58.87495422363281,-30.369,-42.27,-72.639
exploit,15.085,18.350,1.817,6.594,0.400,1.150,-58.56366729736328,-29.562,-41.56,-71.122
exploit,14.135,18.350,0.800,7.711,0.400,1.150,-59.45293045043945,-26.887,-37.885,-64.772
exploit,14.835,17.600,1.702,6.876,1.150,0.400,-58.888790130615234,-28.946,-41.548,-70.494
exploit,14.785,17.600,1.569,6.965,1.150,0.400,-60.23821258544922,-31.043,-40.442,-71.485
exploit,14.835,17.600,1.668,6.930,1.150,0.400,-59.609344482421875,-28.403,-35.102,-63.505
exploit,11.785,17.600,1.561,9.998,1.150,0.400,-60.375205993652344,-31.501,-41.601,-73.102
exploit,13.985,18.350,1.000,7.764,0.400,1.150,-59.76938247680664,-27.887,-40.988,-68.875
exploit,13.885,18.350,0.973,7.787,0.400,1.150,-59.857688903808594,-26.771,-38.766,-65.537
exploit,14.085,17.600,0.986,7.612,1.150,0.400,-60.10028839111328,-27.821,-38.922,-66.743
exploit,14.235,17.600,0.985,7.582,1.150,0.400,-60.45725631713867,-28.089,-40.587,-68.676
explore,9.685,17.800,3.494,12.050,1.031,0.600,-153.33828735351562,-35.824,-56.523,-92.347
exploit,11.685,18.350,1.515,9.953,0.400,1.150,-60.58606719970703,-25.24,-45.439,-70.679
exploit,11.835,18.350,1.455,9.889,0.400,1.150,-60.758819580078125,-28.549,-46.348,-74.897
exploit,14.785,18.350,1.816,6.775,0.400,1.150,-61.64818572998047,-27.781,-39.281,-67.062
exploit,15.185,18.350,2.042,6.595,0.400,1.150,-61.06829071044922,-34.95,-41.649,-76.599
exploit,14.785,17.600,1.628,6.860,1.150,0.400,-61.82402420043945,-30.47,-38.269,-68.739
exploit,14.085,18.350,0.805,7.698,0.400,1.150,-61.28087615966797,-26.687,-36.886,-63.573
exploit,14.035,17.600,1.036,7.646,1.150,0.400,-60.827484130859375,-28.377,-37.578,-65.955
exploit,13.735,18.350,0.901,7.853,0.400,1.150,-62.00664520263672,-26.003,-38.816,-64.819
exploit,14.835,17.600,1.638,6.873,1.150,0.400,-62.1993293762207,-29.494,-38.597,-68.091
exploit,14.885,17.600,1.715,6.843,1.150,0.400,-62.040504455566406,-29.326,-34.624,-63.95
exploit,14.835,17.600,1.668,6.934,1.150,0.400,-61.519222259521484,-30.164,-36.164,-66.328
exploit,12.335,18.350,1.011,9.123,0.400,1.150,-58.475528717041016,-28.573,-46.872,-75.445
exploit,10.535,18.350,2.697,11.277,0.400,1.150,-62.04300308227539,-30.073,-47.974,-78.047
exploit,14.885,17.600,1.744,6.891,1.150,0.400,-60.931365966796875,-29.569,-37.87,-67.439
exploit,12.185,17.600,0.972,9.336,1.150,0.400,-62.38146209716797,-32.463,-46.963,-79.426
exploit,12.085,17.600,0.916,9.439,1.150,0.400,-62.06806945800781,-29.015,-44.915,-73.93
exploit,14.135,18.350,0.733,7.694,0.400,1.150,-60.21401596069336,-27.963,-38.762,-66.725
exploit,14.035,18.350,0.882,7.674,0.400,1.150,-62.526397705078125,-28.508,-34.514,-63.022
exploit,13.785,18.350,0.892,7.881,0.400,1.150,-62.48332977294922,-27.006,-39.404,-66.41
exploit,13.935,18.350,0.999,7.754,0.400,1.150,-62.44230651855469,-27.573,-37.973,-65.546
exploit,14.135,17.600,0.993,7.459,1.150,0.400,-63.36260223388672,-29.788,-38.688,-68.476
exploit,11.785,17.600,1.715,10.032,1.150,0.400,-61.912506103515625,-29.403,-48.703,-78.106
exploit,11.635,17.600,1.734,10.013,1.150,0.400,-60.911521911621094,-28.885,-48.186,-77.071
exploit,14.935,18.350,1.758,6.780,0.400,1.150,-63.80141830444336,-28.65,-34.943,-63.593
exploit,15.035,18.350,1.924,6.725,0.400,1.150,-62.99835968017578,-31.716,-41.518,-73.234
exploit,14.135,17.600,0.934,7.509,1.150,0.400,-63.533782958984375,-29.652,-37.053,-66.705
explore,8.935,17.950,3.983,12.547,0.806,0.750,-93.85736846923828,-160.896,-200,-360.896
exploit,13.735,18.350,0.950,7.786,0.400,1.150,-63.166526794433594,-27.643,-37.742,-65.385
exploit,14.935,17.600,1.709,6.832,1.150,0.400,-63.493995666503906,-30.483,-39.985,-70.468
exploit,14.935,17.600,1.654,6.838,1.150,0.400,-63.54412841796875,-27.108,-37.709,-64.817
exploit,14.735,17.600,1.568,6.893,1.150,0.400,-63.860313415527344,-28.933,-34.832,-63.765
exploit,11.435,18.350,1.760,9.897,0.400,1.150,-59.492733001708984,-28.721,-49.723,-78.444
exploit,13.985,18.350,0.886,7.681,0.400,1.150,-63.7105598449707,-26.098,-38.599,-64.697
exploit,14.985,17.600,1.700,6.848,1.150,0.400,-63.58735656738281,-27.094,-35.692,-62.786
exploit,14.185,17.600,1.023,7.618,1.150,0.400,-62.98942947387695,-27.366,-37.866,-65.232
exploit,13.985,18.350,1.034,7.725,0.400,1.150,-63.21101760864258,-26.475,-36.674,-63.149
exploit,14.785,17.600,1.724,6.871,1.150,0.400,-62.70729064941406,-29.527,-37.527,-67.054
exploit,17.535,18.950,1.107,8.635,0.550,0.450,-37.61109924316406,-155.475,-160.175,-315.65
exploit,13.885,18.350,0.925,7.809,0.400,1.150,-63.44306945800781,-27.157,-38.355,-65.512
exploit,14.135,18.350,0.923,7.549,0.400,1.150,-60.72190856933594,-27.283,-39.985,-67.268
exploit,14.285,18.350,1.056,7.526,0.400,1.150,-63.06005096435547,-29.144,-38.341,-67.485
exploit,12.235,18.350,1.076,9.535,0.400,1.150,-62.89641571044922,-28.947,-45.348,-74.295
exploit,12.335,18.350,0.939,9.435,0.400,1.150,-61.64881896972656,-25.626,-41.026,-66.652
exploit,12.035,17.600,1.059,9.621,1.150,0.400,-62.808616638183594,-34.245,-52.246,-86.491
exploit,14.185,18.350,0.857,7.638,0.400,1.150,-62.1125373840332,-26.883,-39.985,-66.868
exploit,14.235,18.350,0.891,7.632,0.400,1.150,-62.6920166015625,-26.535,-38.136,-64.671
exploit,14.885,17.600,1.706,6.840,1.150,0.400,-63.91382598876953,-32.143,-40.743,-72.886
exploit,15.185,17.600,1.738,6.843,1.150,0.400,-63.54154586791992,-29.491,-41.392,-70.883
exploit,14.585,17.600,1.626,6.911,1.150,0.400,-64.04448699951172,-29.257,-42.657,-71.914
exploit,15.135,18.350,1.902,6.771,0.400,1.150,-63.7353515625,-30.671,-39.371,-70.042
exploit,10.435,18.350,2.913,11.212,0.400,1.150,-63.19646453857422,-31.452,-49.054,-80.506
exploit,14.085,18.350,0.805,7.652,0.400,1.150,-61.683807373046875,-27.448,-38.849,-66.297
exploit,14.185,17.600,1.011,7.556,1.150,0.400,-64.39254760742188,-27.941,-39.242,-67.183
exploit,14.135,18.350,0.805,7.536,0.400,1.150,-59.17448425292969,-26.413,-38.712,-65.125
exploit,14.235,17.600,0.900,7.412,1.150,0.400,-60.75872039794922,-27.886,-34.788,-62.674
exploit,14.035,17.600,0.924,7.564,1.150,0.400,-64.71344757080078,-28.645,-36.546,-65.191
exploit,14.135,18.350,0.905,7.655,0.400,1.150,-64.31749725341797,-27.559,-40.959,-68.518
exploit,14.785,17.600,1.632,6.976,1.150,0.400,-64.18020629882812,-29.561,-40.062,-69.623
exploit,14.985,17.600,1.632,6.929,1.150,0.400,-64.45133972167969,-30.055,-36.655,-66.71
exploit,14.185,17.600,0.998,7.480,1.150,0.400,-64.22520446777344,-27.582,-39.385,-66.967
exploit,14.285,17.600,1.020,7.494,1.150,0.400,-64.51617431640625,-27.428,-41.328,-68.756
exploit,12.335,18.350,0.963,9.449,0.400,1.150,-64.48299407958984,-32.576,-45.876,-78.452
exploit,13.985,18.350,1.001,7.732,0.400,1.150,-64.59378051757812,-26.726,-38.823,-65.549
exploit,15.085,18.350,1.882,6.795,0.400,1.150,-64.37162017822266,-33.113,-42.913,-76.026
exploit,14.885,17.600,1.700,6.846,1.150,0.400,-64.97210693359375,-29.262,-34.662,-63.924
exploit,14.035,18.350,0.979,7.693,0.400,1.150,-64.98905944824219,-26.316,-35.717,-62.033
explore,15.285,18.300,1.874,6.568,0.450,1.100,-68.4845199584961,-30.238,-36.138,-66.376
exploit,14.035,18.350,0.942,7.722,0.400,1.150,-64.85977172851562,-27.45,-37.951,-65.401
exploit,14.185,18.350,1.034,7.694,0.400,1.150,-64.50233459472656,-27.876,-38.378,-66.254
exploit,13.985,18.350,0.925,7.733,0.400,1.150,-64.91911315917969,-26.66,-40.356,-67.016
exploit,14.735,17.600,1.701,6.868,1.150,0.400,-64.488037109375,-26.536,-33.235,-59.771
exploit,13.835,18.350,0.999,7.689,0.400,1.150,-64.9909439086914,-28.199,-36.1,-64.299
exploit,13.935,18.350,0.984,7.725,0.400,1.150,-64.870849609375,-26.028,-38.927,-64.955
exploit,14.885,17.600,1.675,6.887,1.150,0.400,-64.35213470458984,-27.528,-35.528,-63.056
exploit,18.885,18.900,1.963,6.765,0.500,0.550,-55.257713317871094,-144.68,-151.378,-296.058
explore,14.885,18.100,1.678,6.715,0.650,0.900,-76.65677642822266,-138.611,-140.212,-278.823
exploit,14.285,18.350,1.406,7.292,0.400,1.150,-62.464454650878906,-27.029,-35.328,-62.357
exploit,14.385,18.350,1.297,7.360,0.400,1.150,-60.701622009277344,-27.574,-39.574,-67.148
exploit,14.235,18.350,1.054,7.488,0.400,1.150,-63.04683303833008,-27.379,-40.579,-67.958
exploit,14.435,18.350,1.251,7.311,0.400,1.150,-63.53528594970703,-25.82,-39.32,-65.14
exploit,14.485,17.600,1.239,6.892,1.150,0.400,-54.66285705566406,-27.241,-34.039,-61.28
exploit,14.435,18.350,1.344,7.348,0.400,1.150,-62.583465576171875,-27.605,-39.104,-66.709
exploit,14.285,18.350,1.280,7.454,0.400,1.150,-61.913421630859375,-27.45,-38.148,-65.598
exploit,14.585,17.600,1.553,7.072,1.150,0.400,-63.33671951293945,-26.865,-36.665,-63.53
explore,11.885,17.700,1.406,9.983,1.050,0.500,-71.00382995605469,-34.276,-51.877,-86.153
exploit,14.185,17.600,1.069,7.391,1.150,0.400,-64.30864715576172,-29.09,-39.392,-68.482
exploit,14.385,17.600,1.135,7.455,1.150,0.400,-64.31303405761719,-28.324,-39.122,-67.446
exploit,14.535,17.600,1.547,7.023,1.150,0.400,-64.1360855102539,-27.28,-37.279,-64.559
exploit,14.235,18.350,1.182,7.482,0.400,1.150,-64.36251831054688,-26.381,-38.081,-64.462
exploit,14.485,17.600,1.367,6.882,1.150,0.400,-60.93480682373047,-29.857,-35.257,-65.114
exploit,14.635,17.600,1.512,6.972,1.150,0.400,-64.61793518066406,-28.817,-37.818,-66.635
exploit,18.935,17.600,1.550,6.994,1.275,0.400,-46.438201904296875,-39.605,-39.104,-78.709
exploit,14.285,18.350,1.302,7.407,0.400,1.150,-63.28272247314453,-26.349,-34.449,-60.798
exploit,14.135,18.350,0.930,7.604,0.400,1.150,-64.41387176513672,-26.253,-36.055,-62.308
exploit,14.235,18.350,1.179,7.423,0.400,1.150,-64.65303802490234,-26.611,-38.613,-65.224
exploit,13.935,18.350,0.830,7.660,0.400,1.150,-63.5574951171875,-26.877,-39.877,-66.754
exploit,14.185,18.350,1.292,7.410,0.400,1.150,-63.24361038208008,-27.932,-36.63,-64.562
exploit,14.435,18.350,1.217,7.379,0.400,1.150,-64.68072509765625,-31.027,-39.529,-70.556
exploit,9.835,17.600,3.232,11.618,1.275,0.400,-63.997859954833984,-30.333,-48.836,-79.169
exploit,14.485,18.350,1.252,7.411,0.400,1.150,-64.49430847167969,-27.773,-38.872,-66.645
exploit,14.085,18.350,1.007,7.562,0.400,1.150,-64.99679565429688,-26.467,-35.467,-61.934
exploit,14.135,18.350,1.118,7.608,0.400,1.150,-64.14446258544922,-28.767,-36.768,-65.535
exploit,14.135,18.350,1.118,7.615,0.400,1.150,-63.9486083984375,-27.173,-35.671,-62.844
exploit,14.235,18.350,1.327,7.411,0.400,1.150,-63.0423583984375,-26.947,-38.547,-65.494
exploit,14.385,18.350,1.275,7.389,0.400,1.150,-64.52251434326172,-26.48,-36.678,-63.158
exploit,13.985,18.350,0.867,7.676,0.400,1.150,-64.43743133544922,-26.147,-40.546,-66.693
exploit,13.835,18.350,1.060,7.608,0.400,1.150,-64.795166015625,-25.918,-40.12,-66.038
exploit,14.035,18.350,1.145,7.542,0.400,1.150,-64.50609588623047,-26.01,-39.708,-65.718
exploit,14.285,18.350,1.347,7.419,0.400,1.150,-62.34294509887695,-27.102,-42.202,-69.304
exploit,14.185,17.600,0.998,7.472,1.150,0.400,-64.89218139648438,-26.47,-38.363,-64.833
exploit,14.335,18.350,1.312,7.355,0.400,1.150,-65.07487487792969,-26.685,-36.986,-63.671
exploit,14.385,18.350,1.303,7.438,0.400,1.150,-63.61073303222656,-29.375,-38.275,-67.65
exploit,14.685,17.600,1.635,6.999,1.150,0.400,-64.78138732910156,-27.378,-38.377,-65.755
exploit,14.235,18.350,0.849,7.683,0.400,1.150,-64.34137725830078,-29.398,-37.815,-67.213
exploit,13.885,17.600,0.919,7.536,1.150,0.400,-65.00517272949219,-27.767,-37.567,-65.334
exploit,14.285,18.350,1.257,7.459,0.400,1.150,-64.33857727050781,-27.555,-40.557,-68.112
exploit,14.185,18.350,1.245,7.443,0.400,1.150,-64.84630584716797,-27.186,-34.873,-62.059
exploit,14.185,18.350,0.873,7.568,0.400,1.150,-63.14471435546875,-28.592,-38.991,-67.583
exploit,14.085,18.350,1.012,7.658,0.400,1.150,-65.14413452148438,-26.713,-35.217,-61.93
exploit,13.985,18.350,0.917,7.710,0.400,1.150,-65.33405303955078,-26.117,-41.518,-67.635
exploit,14.185,18.350,0.864,7.620,0.400,1.150,-63.94667434692383,-27.933,-35.634,-63.567
exploit,14.385,18.350,1.339,7.386,0.400,1.150,-64.05813598632812,-26.227,-38.324,-64.551
exploit,14.235,18.350,1.051,7.630,0.400,1.150,-65.08074188232422,-26.69,-39.691,-66.381
exploit,13.835,18.350,1.033,7.688,0.400,1.150,-64.80599975585938,-27.04,-40.742,-67.782
exploit,14.835,17.600,1.682,6.972,1.150,0.400,-64.38606262207031,-27.74,-39.94,-67.68
exploit,14.285,17.600,1.039,7.527,1.150,0.400,-65.23492431640625,-27.416,-38.715,-66.131
exploit,14.285,17.600,1.062,7.565,1.150,0.400,-64.98342895507812,-28.461,-41.96,-70.421
exploit,14.435,18.350,1.406,7.287,0.400,1.150,-65.01618957519531,-26.142,-38.644,-64.786
exploit,14.285,18.350,1.315,7.407,0.400,1.150,-64.22608947753906,-28.975,-37.077,-66.052
exploit,14.035,18.350,0.862,7.683,0.400,1.150,-64.79754638671875,-26.31,-35.111,-61.421
exploit,14.035,18.350,1.083,7.612,0.400,1.150,-65.09820556640625,-30.405,-40.492,-70.897
exploit,14.185,18.350,0.946,7.661,0.400,1.150,-65.2479248046875,-26.866,-40.366,-67.232
exploit,14.335,18.350,1.116,7.562,0.400,1.150,-65.41610717773438,-26.761,-41.268,-68.029
exploit,14.085,18.350,1.057,7.655,0.400,1.150,-65.15792083740234,-28.774,-38.374,-67.148
exploit,14.085,18.350,0.904,7.641,0.400,1.150,-64.93812561035156,-26.194,-38.293,-64.487
exploit,14.035,18.350,0.889,7.740,0.400,1.150,-65.51953125,-26.265,-42.579,-68.844
exploit,14.485,18.350,1.306,7.392,0.400,1.150,-64.91329956054688,-27.949,-39.65,-67.599
explore,12.585,17.750,0.858,9.282,1.000,0.550,-89.59696960449219,-30.599,-48.398,-78.997
exploit,14.035,18.350,1.251,7.505,0.400,1.150,-64.17066955566406,-28.566,-39.165,-67.731
exploit,14.435,18.350,1.383,7.309,0.400,1.150,-65.1006088256836,-28.025,-41.228,-69.253
exploit,14.035,18.350,0.839,7.738,0.400,1.150,-65.20549011230469,-28.135,-40.933,-69.068
exploit,13.885,18.350,0.998,7.674,0.400,1.150,-65.61338806152344,-27.559,-37.26,-64.819
exploit,14.285,18.350,1.194,7.528,0.400,1.150,-65.13529205322266,-27.856,-37.956,-65.812
exploit,12.485,18.350,0.844,9.395,0.400,1.150,-64.27873229980469,-32.794,-49.995,-82.789
exploit,14.285,17.600,1.094,7.506,1.150,0.400,-65.46961975097656,-27.151,-40.351,-67.502
exploit,14.335,17.600,1.027,7.296,1.150,0.400,-63.68217468261719,-29.255,-42.154,-71.409
exploit,14.185,18.350,1.232,7.502,0.400,1.150,-64.86210632324219,-26.746,-34.747,-61.493
exploit,18.935,17.600,1.726,6.923,1.275,0.400,-45.753944396972656,-39.422,-36.02,-75.442
exploit,14.285,17.600,1.087,7.520,1.150,0.400,-65.70907592773438,-28.361,-37.461,-65.822
exploit,13.885,18.350,0.992,7.687,0.400,1.150,-65.58610534667969,-27.145,-37.645,-64.79
exploit,14.235,18.350,1.054,7.445,0.400,1.150,-65.59835815429688,-26.036,-35.637,-61.673
exploit,14.085,18.350,1.086,7.572,0.400,1.150,-65.77330017089844,-29.328,-36.627,-65.955
exploit,13.885,18.350,1.146,7.605,0.400,1.150,-64.65615844726562,-27.262,-38.762,-66.024
exploit,14.035,18.350,0.985,7.730,0.400,1.150,-65.45311737060547,-26.318,-42.618,-68.936
exploit,14.235,17.600,1.066,7.577,1.150,0.400,-65.42694854736328,-26.73,-38.031,-64.761
exploit,14.035,18.350,0.886,7.700,0.400,1.150,-65.37748718261719,-26.1,-41,-67.1
exploit,14.185,18.350,0.845,7.626,0.400,1.150,-63.753997802734375,-26.552,-39.452,-66.004
exploit,14.135,18.350,0.907,7.659,0.400,1.150,-65.24986267089844,-26.33,-39.531,-65.861
exploit,14.385,18.350,1.005,7.575,0.400,1.150,-65.71402740478516,-27.094,-41.094,-68.188
exploit,14.135,17.600,0.965,7.525,1.150,0.400,-65.65962219238281,-27.857,-42.156,-70.013
exploit,14.185,18.350,0.879,7.569,0.400,1.150,-63.742435455322266,-26.783,-36.883,-63.666
exploit,14.185,17.600,0.970,7.466,1.150,0.400,-65.32051849365234,-28.532,-36.732,-65.264
exploit,14.185,18.350,1.193,7.543,0.400,1.150,-64.86214447021484,-26.192,-40.194,-66.386
exploit,14.135,18.350,1.326,7.409,0.400,1.150,-64.44249725341797,-26.111,-38.211,-64.322
exploit,14.335,18.350,1.327,7.384,0.400,1.150,-64.93992614746094,-28.334,-40.534,-68.868
exploit,14.135,18.350,1.129,7.563,0.400,1.150,-65.61198425292969,-26.131,-40.429,-66.56
exploit,14.085,18.350,0.854,7.695,0.400,1.150,-65.09516906738281,-26.603,-38.902,-65.505
exploit,14.235,17.600,1.127,7.528,1.150,0.400,-65.30482482910156,-27.423,-35.524,-62.947
exploit,14.485,17.600,1.101,7.515,1.150,0.400,-65.73951721191406,-31.609,-40.31,-71.919
exploit,14.285,18.350,1.085,7.517,0.400,1.150,-66.14034271240234,-32.911,-43.818,-76.729
exploit,14.185,18.350,0.970,7.631,0.400,1.150,-65.74592590332031,-26.27,-37.773,-64.043
exploit,14.085,18.350,0.924,7.695,0.400,1.150,-65.80781555175781,-26.497,-38.096,-64.593
exploit,14.435,18.350,1.351,7.379,0.400,1.150,-64.75909423828125,-27.515,-34.314,-61.829
exploit,13.935,18.350,1.033,7.706,0.400,1.150,-65.41433715820312,-29.086,-36.786,-65.872
explore,14.735,17.900,1.529,6.944,0.850,0.700,-131.7598114013672,-158.29,-36.99,-195.28
exploit,14.035,18.350,0.816,7.711,0.400,1.150,-64.75633239746094,-26.737,-38.137,-64.874
exploit,14.235,18.350,1.079,7.620,0.400,1.150,-65.69761657714844,-29.925,-37.324,-67.249
exploit,13.885,18.350,0.824,7.749,0.400,1.150,-65.44522094726562,-26.429,-38.83,-65.259
exploit,14.285,18.350,1.233,7.490,0.400,1.150,-65.13502502441406,-28.843,-38.543,-67.386
exploit,14.185,17.600,0.959,7.458,1.150,0.400,-65.13701629638672,-27.311,-36.611,-63.922
exploit,14.085,17.600,0.869,7.502,1.150,0.400,-64.28936767578125,-28.309,-36.609,-64.918
explore,14.635,17.750,1.358,7.090,1.000,0.550,-102.54338836669922,-154.098,-200,-354.098
exploit,14.035,18.350,0.918,7.734,0.400,1.150,-65.89037322998047,-26.898,-34.9,-61.798
exploit,18.935,17.600,1.567,6.957,1.275,0.400,-49.986717224121094,-39.935,-40.634,-80.569
exploit,14.235,17.600,0.959,7.554,1.150,0.400,-64.41729736328125,-27.496,-39.896,-67.392
exploit,14.035,17.600,0.946,7.640,1.150,0.400,-63.018890380859375,-27.858,-39.059,-66.917
exploit,14.485,18.350,1.379,7.352,0.400,1.150,-64.31525421142578,-29.882,-42.883,-72.765
exploit,13.935,17.600,0.951,7.629,1.150,0.400,-63.494056701660156,-27.228,-42.731,-69.959
exploit,14.185,17.600,0.994,7.613,1.150,0.400,-63.96184539794922,-27.158,-41.457,-68.615
explore,12.085,17.600,1.190,9.698,1.150,0.400,-70.29240417480469,-30.748,-44.046,-74.794
exploit,14.135,17.600,0.907,7.638,1.150,0.400,-63.942535400390625,-28.255,-39.257,-67.512
exploit,14.385,17.600,0.942,7.601,1.150,0.400,-64.16647338867188,-29.321,-42.022,-71.343
explore,12.585,18.200,0.633,8.941,0.550,1.000,-110.46639251708984,-26.704,-39.303,-66.007
exploit,13.885,18.350,0.722,7.741,0.400,1.150,-63.577781677246094,-26.08,-40.282,-66.362
exploit,12.735,18.350,0.582,9.072,0.400,1.150,-61.16592025756836,-27.632,-47.531,-75.163
exploit,13.935,17.600,0.902,7.614,1.150,0.400,-64.33543395996094,-30.298,-39.597,-69.895
exploit,14.085,18.350,0.934,7.719,0.400,1.150,-65.77389526367188,-25.916,-37.115,-63.031
exploit,14.235,18.350,1.096,7.623,0.400,1.150,-65.52041625976562,-28.311,-41.21,-69.521
exploit,13.885,18.350,0.706,7.683,0.400,1.150,-61.776878356933594,-26.497,-37.196,-63.693
exploit,13.935,18.350,0.947,7.771,0.400,1.150,-65.65052032470703,-26.789,-37.989,-64.778
exploit,14.085,17.600,0.849,7.489,1.150,0.400,-62.49086380004883,-27.975,-40.778,-68.753
exploit,14.235,17.600,0.989,7.603,1.150,0.400,-65.26593780517578,-28.347,-41.948,-70.295
exploit,13.985,17.600,0.904,7.592,1.150,0.400,-64.80587768554688,-26.547,-35.745,-62.292
exploit,13.985,18.350,1.045,7.718,0.400,1.150,-65.004150390625,-27.562,-38.062,-65.624
exploit,13.885,18.350,0.917,7.705,0.400,1.150,-65.7272720336914,-28.262,-38.162,-66.424
exploit,14.135,18.350,0.959,7.619,0.400,1.150,-65.87167358398438,-26.508,-35.309,-61.817
exploit,14.135,17.600,0.910,7.630,1.150,0.400,-65.09443664550781,-27.185,-41.685,-68.87
exploit,14.135,18.350,0.954,7.768,0.400,1.150,-65.59071350097656,-27.018,-39.118,-66.136
exploit,14.135,17.600,0.946,7.666,1.150,0.400,-65.31287384033203,-27.77,-40.769,-68.539
exploit,14.135,18.350,0.906,7.754,0.400,1.150,-65.78714752197266,-26.302,-38.7,-65.002
exploit,14.035,18.350,1.012,7.724,0.400,1.150,-65.35079193115234,-26.216,-37.918,-64.134
exploit,14.085,17.600,1.028,7.640,1.150,0.400,-64.99855041503906,-29.168,-40.768,-69.936
exploit,14.485,18.350,1.453,7.248,0.400,1.150,-65.57588195800781,-28.444,-39.842,-68.286
exploit,14.035,17.600,0.993,7.667,1.150,0.400,-65.20111083984375,-28.11,-39.012,-67.122
exploit,14.085,17.600,0.909,7.624,1.150,0.400,-65.51768493652344,-28.424,-38.624,-67.048
exploit,14.135,18.350,0.912,7.519,0.400,1.150,-64.18282318115234,-26.018,-36.619,-62.637
exploit,13.985,18.350,0.850,7.715,0.400,1.150,-65.2520980834961,-26.216,-38.515,-64.731
explore,12.135,18.250,1.117,9.502,0.500,1.050,-75.34192657470703,-29.239,-44.039,-73.278
exploit,13.885,18.350,0.978,7.715,0.400,1.150,-65.6220932006836,-27.602,-37.004,-64.606
explore,13.335,18.350,0.484,8.686,0.400,1.150,-73.99555206298828,-29.185,-41.187,-70.372
exploit,14.035,18.350,1.029,7.686,0.400,1.150,-65.45836639404297,-26.309,-38.21,-64.519
exploit,13.985,18.350,0.947,7.737,0.400,1.150,-65.66124725341797,-26.871,-41.971,-68.842
exploit,13.885,18.350,1.155,7.617,0.400,1.150,-64.54840087890625,-29.086,-38.088,-67.174
exploit,12.685,18.350,0.570,9.053,0.400,1.150,-64.859619140625,-25.519,-43.93,-69.449
exploit,14.035,18.350,0.794,7.721,0.400,1.150,-64.54926300048828,-26.475,-35.575,-62.05
exploit,11.035,17.600,2.306,10.486,1.150,0.400,-60.51062774658203,-28.637,-45.337,-73.974
exploit,14.035,18.350,0.988,7.677,0.400,1.150,-65.80426025390625,-27.284,-34.684,-61.968
exploit,14.185,17.600,0.819,7.542,1.150,0.400,-63.093894958496094,-28.467,-36.868,-65.335
exploit,14.135,17.600,0.854,7.544,1.150,0.400,-63.97403335571289,-30.119,-36.016,-66.135
exploit,14.185,17.600,0.960,7.614,1.150,0.400,-65.8192367553711,-28.063,-41.362,-69.425
exploit,14.185,17.600,0.964,7.586,1.150,0.400,-66.09529876708984,-30.792,-41.192,-71.984
exploit,12.735,18.350,0.594,9.116,0.400,1.150,-64.82770538330078,-31.336,-47.536,-78.872
exploit,15.035,17.600,1.800,6.840,1.150,0.400,-64.91993713378906,-31.836,-39.937,-71.773
exploit,14.085,18.350,1.002,7.704,0.400,1.150,-65.55410766601562,-27.246,-36.849,-64.095
exploit,14.035,18.350,1.024,7.720,0.400,1.150,-65.2225570678711,-27.018,-38.817,-65.835
exploit,14.085,18.350,1.071,7.642,0.400,1.150,-65.53553009033203,-26.962,-41.965,-68.927
exploit,14.035,18.350,0.996,7.708,0.400,1.150,-65.55421447753906,-26.457,-34.958,-61.415
exploit,14.085,18.350,1.020,7.638,0.400,1.150,-65.9385986328125,-26.498,-41.793,-68.291
exploit,13.885,18.350,0.723,7.795,0.400,1.150,-64.74495697021484,-26.508,-38.706,-65.214
exploit,13.785,18.350,1.007,7.708,0.400,1.150,-65.48782348632812,-28.599,-38.401,-67
explore,15.635,18.300,2.363,6.066,0.450,1.100,-88.75102233886719,-34.438,-34.337,-68.775
exploit,13.985,18.350,0.790,7.735,0.400,1.150,-64.60379028320312,-27.016,-38.715,-65.731
exploit,15.485,18.350,2.264,6.313,0.400,1.150,-64.53865051269531,-31.725,-35.021,-66.746
exploit,15.485,18.350,2.194,6.265,0.400,1.150,-63.8961296081543,-132.183,-33.485,-165.668
exploit,15.385,18.350,2.256,6.370,0.400,1.150,-64.53926086425781,-28.982,-38.882,-67.864
exploit,14.135,17.600,0.909,7.591,1.150,0.400,-65.81969451904297,-30.907,-36.905,-67.812
exploit,14.035,18.350,0.904,7.741,0.400,1.150,-65.66602325439453,-26.611,-39.611,-66.222
exploit,14.035,18.350,0.917,7.738,0.400,1.150,-65.68089294433594,-26.941,-39.642,-66.583
exploit,13.885,18.350,0.674,7.793,0.400,1.150,-64.06318664550781,-26.986,-37.987,-64.973
exploit,14.085,17.600,0.902,7.604,1.150,0.400,-65.9197006225586,-30.589,-36.388,-66.977
exploit,14.085,18.350,0.815,7.368,0.400,1.150,-56.286624908447266,-27.946,-39.145,-67.091
exploit,14.035,18.350,1.063,7.644,0.400,1.150,-65.66545104980469,-29.291,-38.292,-67.583
exploit,14.085,18.350,0.936,7.666,0.400,1.150,-65.79841613769531,-26.165,-37.365,-63.53
exploit,13.935,18.350,0.769,7.790,0.400,1.150,-65.27461242675781,-27.07,-43.07,-70.14
exploit,14.185,18.350,1.076,7.656,0.400,1.150,-65.30127716064453,-29.007,-38.008,-67.015
exploit,18.985,17.600,1.679,6.888,1.254,0.400,-49.02251052856445,-39.286,-39.286,-78.572
exploit,14.085,18.350,0.925,7.739,0.400,1.150,-65.71481323242188,-26.709,-38.909,-65.618
exploit,14.035,17.600,0.899,7.490,1.150,0.400,-65.50239562988281,-26.818,-41.418,-68.236
exploit,13.985,18.350,0.977,7.680,0.400,1.150,-65.84024047851562,-26.279,-42.281,-68.56
exploit,11.635,18.350,1.539,10.123,0.400,1.150,-64.79459381103516,-29.97,-49.372,-79.342
exploit,13.585,18.350,0.979,7.758,0.400,1.150,-65.32398986816406,-26.11,-38.91,-65.02
exploit,13.935,17.600,0.827,7.547,1.150,0.400,-64.14442443847656,-29.242,-38.145,-67.387
exploit,14.185,18.350,0.883,7.787,0.400,1.150,-65.81290435791016,-30.346,-42.348,-72.694
exploit,13.885,18.350,0.923,7.841,0.400,1.150,-65.5269546508789,-27.312,-39.612,-66.924
exploit,14.085,18.350,0.894,7.700,0.400,1.150,-65.72819519042969,-28.213,-41.413,-69.626
exploit,14.335,18.350,1.419,7.320,0.400,1.150,-64.29556274414062,-26.424,-34.826,-61.25
exploit,14.335,18.350,0.977,7.461,0.400,1.150,-65.76248168945312,-26.556,-39.156,-65.712
exploit,14.035,18.350,0.793,7.699,0.400,1.150,-64.60869598388672,-27.448,-39.35,-66.798
exploit,14.085,17.600,1.007,7.661,1.150,0.400,-65.61750030517578,-30.295,-38.992,-69.287
exploit,13.985,18.350,0.800,7.718,0.400,1.150,-65.0327377319336,-29.964,-41.564,-71.528
explore,13.035,17.900,0.190,8.643,0.850,0.700,-160.05946350097656,-144.426,-50.025,-194.451
exploit,14.235,17.600,0.843,7.597,1.150,0.400,-65.74154663085938,-27.175,-35.277,-62.452
exploit,14.085,18.350,0.881,7.711,0.400,1.150,-65.86859893798828,-28.876,-38.976,-67.852
exploit,14.185,18.350,0.967,7.667,0.400,1.150,-66.0898208618164,-27.254,-41.453,-68.707
exploit,14.085,18.350,0.892,7.797,0.400,1.150,-66.12774658203125,-26.329,-38.728,-65.057
exploit,13.985,18.350,0.815,7.698,0.400,1.150,-65.15040588378906,-29.085,-37.587,-66.672
exploit,13.985,18.350,0.910,7.718,0.400,1.150,-66.01441192626953,-27.096,-38.496,-65.592
exploit,14.135,18.350,0.954,7.615,0.400,1.150,-66.19127655029297,-26.369,-36.77,-63.139
exploit,13.985,18.350,0.942,7.747,0.400,1.150,-65.91000366210938,-26.781,-38.886,-65.667
exploit,14.085,18.350,0.854,7.729,0.400,1.150,-65.83421325683594,-27.506,-37.507,-65.013
exploit,13.985,18.350,0.881,7.734,0.400,1.150,-65.97953033447266,-27.268,-40.669,-67.937
exploit,14.135,18.350,0.999,7.562,0.400,1.150,-66.49055480957031,-26.632,-37.532,-64.164
exploit,13.735,18.350,1.076,7.729,0.400,1.150,-64.2576675415039,-26.604,-38.504,-65.108
exploit,13.835,18.350,0.864,7.757,0.400,1.150,-66.0506591796875,-29.673,-36.177,-65.85
exploit,14.035,18.350,0.837,7.729,0.400,1.150,-65.710693359375,-26.74,-35.746,-62.486
exploit,14.485,18.350,1.529,7.189,0.400,1.150,-64.49784088134766,-28.903,-39.304,-68.207
exploit,14.035,17.600,0.724,7.526,1.150,0.400,-60.88441848754883,-26.918,-43.516,-70.434
exploit,14.085,17.600,1.005,7.676,1.150,0.400,-65.66529846191406,-30.27,-41.469,-71.739
exploit,13.885,18.350,1.017,7.748,0.400,1.150,-65.10249328613281,-26.213,-37.313,-63.526
exploit,14.235,18.350,0.844,7.587,0.400,1.150,-64.1361083984375,-27.492,-38.892,-66.384
exploit,13.985,18.350,0.892,7.752,0.400,1.150,-66.01417541503906,-26,-38.298,-64.298
exploit,14.185,18.350,1.008,7.713,0.400,1.150,-65.51795959472656,-27.057,-35.559,-62.616
exploit,14.335,18.350,1.138,7.596,0.400,1.150,-65.27729034423828,-26.56,-39.347,-65.907
exploit,13.885,18.350,1.070,7.689,0.400,1.150,-64.87740325927734,-27.004,-35.201,-62.205
exploit,14.035,18.350,0.909,7.710,0.400,1.150,-65.92903900146484,-26.861,-37.963,-64.824
exploit,13.835,18.350,0.895,7.785,0.400,1.150,-66.00508880615234,-26.274,-38.376,-64.65
exploit,14.085,18.350,0.982,7.677,0.400,1.150,-65.90941619873047,-27.64,-38.439,-66.079
exploit,14.235,18.350,1.064,7.692,0.400,1.150,-64.88723754882812,-28.093,-37.795,-65.888
exploit,14.035,18.350,1.066,7.694,0.400,1.150,-64.841796875,-26.279,-38.38,-64.659
explore,14.935,17.900,1.782,6.787,0.850,0.700,-163.38475036621094,-137.003,-37.3,-174.303
exploit,13.935,18.350,1.015,7.740,0.400,1.150,-65.06189727783203,-27.01,-36.108,-63.118
exploit,13.985,18.350,0.745,7.658,0.400,1.150,-63.068214416503906,-27.061,-36.961,-64.022
exploit,14.035,18.350,0.917,7.674,0.400,1.150,-65.88037109375,-26.667,-35.17,-61.837
exploit,13.935,18.350,0.834,7.717,0.400,1.150,-65.52487182617188,-27.141,-39.04,-66.181
exploit,13.935,18.350,0.956,7.723,0.400,1.150,-65.74301147460938,-26.71,-36.111,-62.821
exploit,14.035,18.350,1.044,7.692,0.400,1.150,-65.17691802978516,-28.494,-35.193,-63.687
exploit,13.885,18.350,0.799,7.784,0.400,1.150,-65.92137145996094,-27.546,-39.246,-66.792
exploit,13.985,18.350,1.013,7.735,0.400,1.150,-65.0501937866211,-26.655,-40.955,-67.61
exploit,14.135,18.350,0.970,7.704,0.400,1.150,-65.73770904541016,-26.386,-38.385,-64.771
exploit,14.235,18.350,1.094,7.583,0.400,1.150,-66.01518249511719,-26.477,-38.176,-64.653
exploit,13.935,18.350,1.043,7.727,0.400,1.150,-64.70609283447266,-27.608,-36.409,-64.017
explore,15.385,18.000,2.372,6.095,0.750,0.800,-136.8308563232422,-134.491,-34.791,-169.282
exploit,13.985,18.350,0.889,7.664,0.400,1.150,-65.62078094482422,-26.138,-39.739,-65.877
exploit,14.135,18.350,1.125,7.576,0.400,1.150,-65.71363830566406,-27.276,-36.378,-63.654
exploit,13.935,18.350,0.913,7.786,0.400,1.150,-65.82176971435547,-29.931,-43.131,-73.062
exploit,13.985,18.350,1.048,7.663,0.400,1.150,-65.42707061767578,-26.89,-38.288,-65.178
exploit,14.185,18.350,1.110,7.583,0.400,1.150,-65.77153778076172,-29.47,-35.871,-65.341
exploit,13.735,18.350,0.946,7.807,0.400,1.150,-65.55524444580078,-26.179,-36.28,-62.459
exploit,13.935,18.350,0.952,7.775,0.400,1.150,-65.59717559814453,-26.68,-38.081,-64.761
exploit,14.135,18.350,1.059,7.628,0.400,1.150,-65.73344421386719,-27.067,-36.768,-63.835
exploit,14.135,17.600,1.013,7.632,1.150,0.400,-66.18826293945312,-28.246,-39.147,-67.393
exploit,14.085,18.350,0.939,7.683,0.400,1.150,-65.88506317138672,-26.468,-38.767,-65.235
exploit,14.035,18.350,1.035,7.674,0.400,1.150,-65.42269134521484,-28.065,-36.167,-64.232
exploit,13.785,18.350,1.068,7.606,0.400,1.150,-65.88265228271484,-26.649,-42.651,-69.3
exploit,13.985,17.600,0.648,7.394,1.150,0.400,-52.54209899902344,-28.097,-40.996,-69.093
exploit,14.035,18.350,0.855,7.727,0.400,1.150,-65.75617980957031,-26.135,-38.536,-64.671
exploit,14.085,18.350,0.877,7.701,0.400,1.150,-65.72616577148438,-27.098,-40.8,-67.898
exploit,13.835,18.350,0.919,7.784,0.400,1.150,-65.79243469238281,-26.691,-35.789,-62.48
exploit,13.985,18.350,0.908,7.770,0.400,1.150,-65.89320373535156,-26.87,-37.18,-64.05
exploit,13.885,18.350,1.058,7.700,0.400,1.150,-64.75363159179688,-26.187,-38.288,-64.475
exploit,14.135,18.350,0.939,7.749,0.400,1.150,-65.68757629394531,-26.26,-36.959,-63.219
exploit,14.035,18.350,1.037,7.730,0.400,1.150,-64.70198822021484,-26.365,-38.564,-64.929
exploit,14.085,18.350,0.916,7.688,0.400,1.150,-65.81487274169922,-34.384,-37.183,-71.567
exploit,14.035,18.350,0.893,7.766,0.400,1.150,-65.87469482421875,-26.426,-38.224,-64.65
exploit,14.035,18.350,0.944,7.753,0.400,1.150,-65.64781188964844,-26.271,-38.573,-64.844
exploit,13.885,18.350,0.609,7.533,0.400,1.150,-54.413414001464844,-27.021,-38.919,-65.94
exploit,13.835,18.350,0.956,7.726,0.400,1.150,-65.6644058227539,-26.128,-42.03,-68.158
exploit,14.235,18.350,1.055,7.532,0.400,1.150,-66.7250747680664,-29.95,-36.749,-66.699
exploit,13.835,18.350,0.887,7.636,0.400,1.150,-65.71149444580078,-27.606,-36.804,-64.41
exploit,13.885,18.350,1.086,7.702,0.400,1.150,-64.10325622558594,-28.392,-41.69,-70.082
exploit,14.035,18.350,0.967,7.665,0.400,1.150,-65.93819427490234,-26.643,-35.244,-61.887
exploit,14.085,17.600,1.056,7.641,1.150,0.400,-65.1520767211914,-27.372,-39.172,-66.544
exploit,14.085,18.350,1.003,7.687,0.400,1.150,-65.57463836669922,-28.893,-34.894,-63.787
exploit,14.035,18.350,0.945,7.740,0.400,1.150,-65.64662170410156,-27.162,-38.761,-65.923
exploit,9.835,17.600,3.716,11.859,1.275,0.400,-58.075462341308594,-31.698,-53.699,-85.397
explore,12.585,17.950,0.892,9.237,0.800,0.750,-97.4061050415039,-43.071,-56.474,-99.545
exploit,14.185,18.350,1.073,7.607,0.400,1.150,-65.83830261230469,-26.322,-38.521,-64.843
exploit,10.335,18.350,2.979,11.134,0.403,1.150,-62.626548767089844,-31.794,-52.792,-84.586
exploit,14.285,18.350,1.089,7.555,0.400,1.150,-66.34457397460938,-29.738,-42.638,-72.376
exploit,14.035,18.350,0.939,7.775,0.400,1.150,-65.51905822753906,-26.826,-40.424,-67.25
exploit,14.035,18.350,1.065,7.678,0.400,1.150,-64.97296142578125,-26.567,-37.166,-63.733
exploit,14.035,17.600,1.037,7.617,1.150,0.400,-66.0216293334961,-27.244,-37.444,-64.688
exploit,13.835,18.350,0.897,7.748,0.400,1.150,-65.87691497802734,-26.498,-40.598,-67.096
exploit,13.935,18.350,0.806,7.642,0.400,1.150,-64.65873718261719,-26.249,-38.35,-64.599
explore,10.285,17.750,3.005,11.576,1.005,0.550,-91.24613952636719,-31.504,-47.805,-79.309
exploit,13.935,18.350,0.860,7.706,0.400,1.150,-65.77963256835938,-26.864,-37.165,-64.029
exploit,13.985,18.350,0.822,7.763,0.400,1.150,-65.95585632324219,-26.232,-41.529,-67.761
exploit,10.485,17.600,2.693,11.248,1.150,0.400,-64.88809204101562,-30.41,-46.409,-76.819
exploit,14.085,18.350,0.919,7.701,0.400,1.150,-65.90312194824219,-28.159,-40.56,-68.719
exploit,14.085,18.350,0.976,7.717,0.400,1.150,-65.5728530883789,-26.812,-35.715,-62.527
exploit,14.035,17.600,0.986,7.684,1.150,0.400,-65.95606994628906,-27.332,-36.832,-64.164
exploit,14.035,18.350,0.927,7.704,0.400,1.150,-65.88865661621094,-25.886,-35.288,-61.174
exploit,14.035,18.350,1.012,7.655,0.400,1.150,-65.8316879272461,-26.847,-40.748,-67.595
exploit,14.035,18.350,0.871,7.709,0.400,1.150,-65.81407165527344,-27.908,-38.204,-66.112
exploit,14.235,18.350,1.012,7.578,0.400,1.150,-66.42752075195312,-27.022,-39.524,-66.546
exploit,13.985,18.350,0.898,7.570,0.400,1.150,-65.45341491699219,-26.321,-39.12,-65.441
exploit,14.035,18.350,0.863,7.718,0.400,1.150,-65.82565307617188,-139.138,-45.641,-184.779
exploit,14.185,18.350,0.984,7.697,0.400,1.150,-65.64585876464844,-27.168,-40.569,-67.737
exploit,14.085,18.350,0.984,7.580,0.400,1.150,-66.7552719116211,-27.381,-36.981,-64.362
exploit,14.385,18.350,1.178,7.554,0.400,1.150,-64.99717712402344,-27.607,-38.221,-65.828
exploit,14.335,18.350,1.019,7.661,0.400,1.150,-66.00730895996094,-28.107,-38.505,-66.612
exploit,14.185,18.350,1.041,7.572,0.400,1.150,-66.63609313964844,-28.887,-42.889,-71.776
exploit,14.185,18.350,1.066,7.675,0.400,1.150,-65.091796875,-26.695,-38.796,-65.491
exploit,14.135,17.600,0.849,7.498,1.150,0.400,-65.59649658203125,-27.629,-39.03,-66.659
exploit,14.085,17.600,1.055,7.636,1.150,0.400,-65.23236846923828,-27.459,-38.757,-66.216
exploit,14.085,18.350,1.056,7.712,0.400,1.150,-64.72428894042969,-26.301,-37.7,-64.001
exploit,14.035,18.350,0.934,7.723,0.400,1.150,-66.52013397216797,-27.868,-39.069,-66.937
exploit,14.285,18.350,1.140,7.532,0.400,1.150,-66.16963195800781,-27.394,-36.594,-63.988
exploit,14.035,18.350,0.889,7.660,0.400,1.150,-66.6681137084961,-27.843,-41.344,-69.187
exploit,14.135,17.600,0.983,7.650,1.150,0.400,-66.11656951904297,-26.71,-38.311,-65.021
exploit,14.085,18.350,1.079,7.635,0.400,1.150,-65.48020935058594,-26.003,-37.998,-64.001
exploit,13.935,18.350,1.002,7.702,0.400,1.150,-65.86389923095703,-28.514,-38.811,-67.325
exploit,13.985,18.350,0.757,7.615,0.400,1.150,-64.43760681152344,-27.364,-42.066,-69.43
exploit,13.835,17.600,0.771,7.489,1.150,0.400,-63.52326965332031,-26.904,-37.605,-64.509
exploit,14.185,17.600,0.880,7.549,1.150,0.400,-66.49378204345703,-28.775,-38.677,-67.452
exploit,14.085,18.350,1.050,7.578,0.400,1.150,-66.59223175048828,-27.76,-37.76,-65.52
exploit,14.035,18.350,0.947,7.719,0.400,1.150,-66.4193115234375,-27.589,-38.291,-65.88
exploit,14.235,18.350,1.307,7.436,0.400,1.150,-64.54955291748047,-26.531,-38.733,-65.264
exploit,13.935,18.350,0.754,7.607,0.400,1.150,-64.37022399902344,-26.07,-40.571,-66.641
exploit,10.435,17.600,3.033,11.091,1.150,0.400,-58.95320129394531,-33.5,-54.406,-87.906
exploit,14.035,18.350,0.979,7.722,0.400,1.150,-65.9781265258789,-28.081,-37.878,-65.959
exploit,14.085,18.350,0.892,7.633,0.400,1.150,-66.67025756835938,-28.853,-37.954,-66.807
exploit,14.235,17.600,0.999,7.601,1.150,0.400,-66.54594421386719,-27.563,-39.764,-67.327
exploit,14.185,18.350,0.883,7.636,0.400,1.150,-66.6419677734375,-26.654,-39.052,-65.706
exploit,14.435,18.350,1.230,7.399,0.400,1.150,-66.9906997680664,-29.216,-37.318,-66.534
exploit,14.235,18.350,0.892,7.756,0.400,1.150,-66.83944702148438,-28.037,-42.936,-70.973
exploit,13.985,17.600,0.855,7.576,1.150,0.400,-66.64697265625,-27.939,-42.44,-70.379
exploit,13.985,18.350,0.975,7.682,0.400,1.150,-66.37185668945312,-29.258,-36.959,-66.217
exploit,14.185,18.350,1.077,7.604,0.400,1.150,-65.94505310058594,-26.134,-37.734,-63.868
exploit,14.135,18.350,0.972,7.658,0.400,1.150,-66.55604553222656,-26.2,-38.201,-64.401
exploit,14.135,18.350,1.020,7.672,0.400,1.150,-65.9007568359375,-28.076,-37.077,-65.153
exploit,18.735,17.600,0.891,7.470,1.202,0.400,-61.90488052368164,-42.011,-41.813,-83.824
exploit,14.035,18.350,1.113,7.648,0.400,1.150,-64.45941162109375,-27.818,-38.318,-66.136
exploit,14.085,18.350,0.859,7.615,0.400,1.150,-66.2762222290039,-26.167,-40.165,-66.332
exploit,14.135,18.350,0.966,7.639,0.400,1.150,-66.6611328125,-26.87,-39.668,-66.538
explore,16.035,18.100,2.851,5.764,0.650,0.900,-135.80284118652344,-136.874,-140.274,-277.148
exploit,14.085,18.350,0.888,7.700,0.400,1.150,-66.86080932617188,-26.057,-40.054,-66.111
exploit,14.035,18.350,1.042,7.665,0.400,1.150,-65.6402587890625,-26.044,-39.246,-65.29
exploit,14.035,17.600,0.970,7.720,1.150,0.400,-66.366943359375,-27.651,-38.052,-65.703
exploit,14.235,17.600,1.039,7.621,1.150,0.400,-65.85269165039062,-29.585,-38.483,-68.068
exploit,13.985,17.600,0.999,7.684,1.150,0.400,-65.50508880615234,-29.021,-42.117,-71.138
exploit,11.835,18.350,1.684,9.713,0.400,1.150,-60.046688079833984,-30.959,-47.659,-78.618
exploit,13.935,18.350,0.971,7.588,0.400,1.150,-66.78609466552734,-26.595,-38.596,-65.191
exploit,14.185,18.350,1.094,7.599,0.400,1.150,-65.74845886230469,-26,-36.1,-62.1
exploit,14.135,18.350,0.953,7.627,0.400,1.150,-66.71516418457031,-26.864,-36.963,-63.827
exploit,14.035,18.350,1.045,7.675,0.400,1.150,-65.42193603515625,-29.518,-37.921,-67.439
exploit,13.885,18.350,1.003,7.751,0.400,1.150,-65.24683380126953,-28.298,-39.9,-68.198
exploit,14.085,18.350,1.081,7.589,0.400,1.150,-66.02991485595703,-26.844,-36.944,-63.788
exploit,14.085,17.600,0.944,7.637,1.150,0.400,-67.05516052246094,-27.316,-38.811,-66.127
explore,12.185,18.000,0.992,9.507,0.750,0.800,-78.12335205078125,-27.17,-44.37,-71.54
exploit,14.085,18.350,0.843,7.649,0.400,1.150,-66.3972396850586,-28.274,-39.575,-67.849
exploit,14.135,18.350,1.156,7.505,0.400,1.150,-66.21687316894531,-28.374,-39.575,-67.949
exploit,14.135,18.350,0.939,7.655,0.400,1.150,-66.68141174316406,-30.246,-38.543,-68.789
exploit,14.185,18.350,1.035,7.642,0.400,1.150,-65.9829330444336,-26.895,-36.896,-63.791
exploit,14.285,18.350,1.096,7.481,0.400,1.150,-67.06704711914062,-28.738,-40.937,-69.675
exploit,14.035,18.350,1.003,7.637,0.400,1.150,-66.38074493408203,-26.506,-39.005,-65.511
exploit,13.885,18.350,0.673,7.684,0.400,1.150,-64.59514617919922,-25.817,-42.318,-68.135
exploit,14.085,18.350,0.989,7.639,0.400,1.150,-66.49827575683594,-28.948,-38.647,-67.595
exploit,13.985,17.600,0.986,7.646,1.150,0.400,-66.33049774169922,-28.124,-40.526,-68.65
explore,9.785,18.700,3.628,12.032,0.461,0.559,-134.76348876953125,-30.355,-67.556,-97.911
exploit,14.185,17.600,1.063,7.624,1.150,0.400,-65.64580535888672,-27.747,-38.95,-66.697
exploit,14.235,18.350,0.875,7.583,0.400,1.150,-66.15613555908203,-29.523,-37.523,-67.046
exploit,14.085,18.350,1.015,7.628,0.400,1.150,-66.35346984863281,-27.892,-39.391,-67.283
exploit,13.785,18.350,1.031,7.685,0.400,1.150,-65.53160095214844,-25.77,-42.07,-67.84
exploit,14.235,18.350,1.188,7.491,0.400,1.150,-66.00613403320312,-26.887,-36.184,-63.071
exploit,14.085,18.350,1.153,7.606,0.400,1.150,-64.3945083618164,-27.257,-38.16,-65.417
exploit,14.085,18.350,1.041,7.601,0.400,1.150,-66.37712860107422,-27.642,-39.44,-67.082
exploit,14.135,18.350,0.908,7.621,0.400,1.150,-66.69085693359375,-27.169,-39.867,-67.036
exploit,13.735,18.350,0.915,7.713,0.400,1.150,-66.7633056640625,-26.64,-39.139,-65.779
exploit,14.185,18.350,0.963,7.552,0.400,1.150,-66.74602508544922,-29.587,-41.885,-71.472
exploit,14.085,18.350,1.033,7.671,0.400,1.150,-65.68614959716797,-29.083,-40.884,-69.967
exploit,14.135,18.350,1.067,7.636,0.400,1.150,-65.62226867675781,-26.41,-39.414,-65.824
exploit,14.035,18.350,0.982,7.604,0.400,1.150,-66.79651641845703,-27.07,-39.868,-66.938
exploit,13.635,18.350,0.858,7.803,0.400,1.150,-67.26792907714844,-25.871,-39.773,-65.644
exploit,13.835,18.350,1.042,7.551,0.400,1.150,-66.87165069580078,-27.325,-38.225,-65.55
exploit,14.135,18.350,1.021,7.621,0.400,1.150,-66.44874572753906,-28.49,-38.891,-67.381
exploit,14.035,18.350,0.918,7.626,0.400,1.150,-66.79082489013672,-26.669,-37.466,-64.135
exploit,14.135,17.600,1.005,7.642,1.150,0.400,-66.13951110839844,-27.471,-36.57,-64.041
exploit,14.185,17.600,0.998,7.624,1.150,0.400,-66.52594757080078,-28.334,-40.434,-68.768
exploit,14.135,18.350,0.960,7.597,0.400,1.150,-66.81837463378906,-26.744,-41.146,-67.89
exploit,14.135,18.350,1.066,7.549,0.400,1.150,-66.7235336303711,-26.072,-36.374,-62.446
exploit,14.285,18.350,0.886,7.457,0.400,1.150,-64.61282348632812,-27.167,-41.366,-68.533
exploit,14.035,17.600,1.018,7.646,1.150,0.400,-65.8567123413086,-26.809,-39.71,-66.519
exploit,14.085,17.600,1.036,7.596,1.150,0.400,-66.77890014648438,-26.864,-40.364,-67.228
explore,16.085,18.200,2.958,5.648,0.550,1.000,-169.4353790283203,-136.705,-149.206,-285.911
exploit,14.135,18.350,1.038,7.669,0.400,1.150,-65.65816497802734,-27.824,-39.124,-66.948
exploit,14.285,18.350,1.068,7.561,0.400,1.150,-66.60847473144531,-29.513,-40.613,-70.126
exploit,13.835,18.350,1.044,7.719,0.400,1.150,-64.81971740722656,-28.31,-42.809,-71.119
exploit,14.385,18.350,1.011,7.386,0.400,1.150,-66.4577407836914,-28.816,-39.218,-68.034
exploit,14.285,18.350,0.926,7.599,0.400,1.150,-66.80074310302734,-28.348,-38.546,-66.894
exploit,14.185,17.600,1.017,7.630,1.150,0.400,-66.18394470214844,-28.102,-38.504,-66.606
exploit,14.085,18.350,1.037,7.559,0.400,1.150,-66.91300964355469,-27.529,-41.03,-68.559
exploit,14.185,18.350,0.980,7.539,0.400,1.150,-66.99359130859375,-26.226,-38.327,-64.553
explore,12.585,17.750,0.587,9.161,1.000,0.550,-90.5979995727539,-33.813,-49.813,-83.626
exploit,14.235,18.350,0.820,7.543,0.400,1.150,-64.79981231689453,-28.125,-35.424,-63.549
exploit,14.435,18.350,1.247,7.388,0.400,1.150,-66.93526458740234,-29.8,-39.601,-69.401
exploit,14.135,18.350,0.935,7.642,0.400,1.150,-66.83412170410156,-26.589,-38.487,-65.076
exploit,13.885,18.350,1.031,7.614,0.400,1.150,-66.46394348144531,-27.067,-36.166,-63.233
exploit,14.085,18.350,0.748,7.680,0.400,1.150,-65.90713500976562,-27.458,-38.058,-65.516
exploit,14.035,18.350,0.968,7.653,0.400,1.150,-66.65151977539062,-26.725,-39.526,-66.251
explore,11.135,18.250,2.038,10.531,0.500,1.050,-93.46116638183594,-29.577,-44.576,-74.153
exploit,13.985,18.350,0.942,7.641,0.400,1.150,-66.7977066040039,-26.866,-40.168,-67.034
exploit,13.985,18.350,1.016,7.600,0.400,1.150,-66.68109130859375,-27.279,-36.281,-63.56
exploit,14.085,18.350,0.899,7.598,0.400,1.150,-66.60021209716797,-26.295,-39.394,-65.689
exploit,14.185,18.350,1.153,7.559,0.400,1.150,-65.44898223876953,-28.299,-35.601,-63.9
exploit,14.185,18.350,0.975,7.557,0.400,1.150,-66.8884048461914,-26.103,-37.1,-63.203
exploit,11.485,18.350,2.015,10.239,0.400,1.150,-65.69691467285156,-32.076,-50.476,-82.552
exploit,14.535,18.350,1.418,7.219,0.400,1.150,-67.11975860595703,-27.614,-38.416,-66.03
exploit,14.085,18.350,1.402,7.298,0.400,1.150,-65.56885528564453,-25.895,-37.693,-63.588
exploit,13.885,18.350,0.902,7.764,0.400,1.150,-66.78667449951172,-26.083,-41.086,-67.169
exploit,13.985,18.350,0.949,7.675,0.400,1.150,-66.6331787109375,-26.649,-36.052,-62.701
exploit,14.135,18.350,0.955,7.648,0.400,1.150,-66.69568634033203,-26.353,-41.353,-67.706
exploit,14.035,18.350,0.993,7.709,0.400,1.150,-65.91870880126953,-26.956,-43.357,-70.313
exploit,14.135,18.350,0.921,7.527,0.400,1.150,-66.25286865234375,-28.946,-37.547,-66.493
exploit,14.035,18.350,1.115,7.620,0.400,1.150,-65.04167175292969,-29.527,-37.726,-67.253
exploit,14.135,18.350,0.956,7.625,0.400,1.150,-66.75784301757812,-27.662,-37.262,-64.924
exploit,14.185,18.350,0.998,7.627,0.400,1.150,-66.5726318359375,-26.487,-36.287,-62.774
exploit,14.035,18.350,0.795,7.569,0.400,1.150,-64.57508850097656,-26.284,-36.886,-63.17
exploit,14.235,17.600,1.009,7.631,1.150,0.400,-66.2908706665039,-29.084,-37.985,-67.069
exploit,13.935,18.350,1.148,7.578,0.400,1.150,-65.13738250732422,-26.489,-39.589,-66.078
exploit,14.085,18.350,1.040,7.686,0.400,1.150,-65.43827056884766,-28.819,-39.811,-68.63
exploit,14.085,18.350,0.841,7.616,0.400,1.150,-66.07052612304688,-26.471,-37.571,-64.042
exploit,14.135,18.350,1.034,7.616,0.400,1.150,-66.35700225830078,-26.961,-34.459,-61.42
exploit,14.185,18.350,0.983,7.631,0.400,1.150,-66.61595153808594,-26.301,-37.399,-63.7
exploit,14.085,18.350,0.887,7.650,0.400,1.150,-66.66777801513672,-27.421,-38.924,-66.345
exploit,14.035,18.350,0.869,7.648,0.400,1.150,-66.56102752685547,-27.653,-39.954,-67.607
exploit,13.835,18.350,0.970,7.738,0.400,1.150,-66.04138946533203,-27.144,-36.844,-63.988
exploit,18.835,17.600,1.833,6.782,1.235,0.400,-51.55107116699219,-39.329,-38.53,-77.859
explore,9.185,17.600,4.037,12.610,1.150,0.400,-86.01359558105469,-29.802,-53.802,-83.604
exploit,14.185,18.350,0.888,7.550,0.400,1.150,-65.89629364013672,-26.646,-35.147,-61.793
exploit,14.185,18.350,0.972,7.620,0.400,1.150,-66.66350555419922,-28.911,-38.813,-67.724
exploit,14.235,18.350,1.233,7.406,0.400,1.150,-66.75591278076172,-26.179,-34.482,-60.661
exploit,14.135,18.350,0.998,7.682,0.400,1.150,-66.08911895751953,-27.898,-39.399,-67.297
exploit,14.035,18.350,0.943,7.666,0.400,1.150,-66.62952423095703,-26.728,-41.43,-68.158
exploit,14.035,18.350,0.904,7.654,0.400,1.150,-66.68780517578125,-26.437,-38.539,-64.976
exploit,14.085,18.350,0.986,7.585,0.400,1.150,-66.69749450683594,-26.262,-37.063,-63.325
exploit,14.085,18.350,0.877,7.646,0.400,1.150,-66.56388854980469,-27.635,-36.832,-64.467
exploit,14.235,18.350,1.054,7.565,0.400,1.150,-66.53010559082031,-28.54,-41.94,-70.48
exploit,14.285,18.350,1.051,7.567,0.400,1.150,-66.52073669433594,-26.884,-37.48,-64.364
exploit,13.835,18.350,1.072,7.632,0.400,1.150,-65.60376739501953,-26.012,-38.91,-64.922
exploit,14.185,18.350,1.113,7.594,0.400,1.150,-65.47726440429688,-26.477,-39.077,-65.554
exploit,13.835,18.350,1.019,7.629,0.400,1.150,-66.28189086914062,-27.954,-38.952,-66.906
exploit,13.985,18.350,0.822,7.743,0.400,1.150,-67.12466430664062,-25.941,-38.341,-64.282
exploit,14.285,18.350,1.141,7.567,0.400,1.150,-65.42929077148438,-28.233,-40.834,-69.067
exploit,14.335,18.350,1.186,7.480,0.400,1.150,-66.16446685791016,-26.56,-39.161,-65.721
exploit,14.335,18.350,1.070,7.517,0.400,1.150,-66.83512878417969,-28.929,-41.729,-70.658
exploit,14.135,18.350,0.969,7.594,0.400,1.150,-66.66085052490234,-28.612,-41.314,-69.926
exploit,14.435,18.350,1.239,7.429,0.400,1.150,-66.21930694580078,-26.935,-36.436,-63.371
exploit,13.985,18.350,0.882,7.667,0.400,1.150,-66.68220520019531,-26.178,-35.077,-61.255
exploit,13.935,18.350,0.752,7.739,0.400,1.150,-66.77705383300781,-26.125,-36.327,-62.452
exploit,14.185,18.350,1.083,7.630,0.400,1.150,-65.4932632446289,-27.209,-35.01,-62.219
exploit,13.935,18.350,1.048,7.640,0.400,1.150,-65.89918518066406,-25.886,-39.285,-65.171
exploit,14.235,18.350,1.081,7.516,0.400,1.150,-66.8257064819336,-30.975,-40.776,-71.751
exploit,14.035,18.350,0.975,7.669,0.400,1.150,-66.395751953125,-28.941,-38.042,-66.983
exploit,14.035,18.350,0.939,7.686,0.400,1.150,-66.57301330566406,-25.978,-36.778,-62.756
exploit,13.935,18.350,1.139,7.552,0.400,1.150,-65.78670501708984,-27.037,-35.341,-62.378
exploit,14.235,18.350,0.999,7.675,0.400,1.150,-66.13014221191406,-26.781,-39.482,-66.263
exploit,14.085,18.350,1.053,7.610,0.400,1.150,-66.14762878417969,-29.254,-34.958,-64.212
exploit,14.235,18.350,1.027,7.596,0.400,1.150,-66.51641845703125,-31.128,-39.833,-70.961
exploit,14.085,17.600,1.021,7.664,1.150,0.400,-65.58709716796875,-27.386,-37.986,-65.372
exploit,14.135,18.350,1.108,7.602,0.400,1.150,-65.4692611694336,-26.384,-35.583,-61.967
exploit,14.035,18.350,1.214,7.549,0.400,1.150,-64.21195983886719,-28.851,-38.949,-67.8
exploit,14.285,17.600,0.986,7.650,1.150,0.400,-66.42721557617188,-28.958,-38.66,-67.618
exploit,14.135,18.350,1.013,7.613,0.400,1.150,-66.48509216308594,-30.56,-37.359,-67.919
exploit,14.385,18.350,1.040,7.646,0.400,1.150,-65.91627502441406,-28.518,-39.921,-68.439
exploit,13.935,18.350,1.094,7.616,0.400,1.150,-65.50263214111328,-28.049,-39.05,-67.099
exploit,14.135,18.350,0.942,7.611,0.400,1.150,-66.6488037109375,-27.54,-39.339,-66.879
exploit,14.285,18.350,0.993,7.710,0.400,1.150,-65.924560546875,-27.631,-37.332,-64.963
exploit,14.385,18.350,1.090,7.608,0.400,1.150,-65.72056579589844,-28.41,-39.809,-68.219
exploit,11.435,17.600,2.065,10.125,1.150,0.400,-59.6612663269043,-33.448,-51.548,-84.996
exploit,14.085,18.350,1.006,7.716,0.400,1.150,-65.66830444335938,-26.722,-40.322,-67.044
exploit,14.085,18.350,0.976,7.708,0.400,1.150,-66.14866638183594,-27.173,-39.278,-66.451
exploit,14.135,18.350,1.127,7.597,0.400,1.150,-65.27281188964844,-26.487,-35.79,-62.277
exploit,12.635,18.350,0.651,9.203,0.400,1.150,-66.09480285644531,-137.822,-41.319,-179.141
exploit,14.085,18.350,1.037,7.612,0.400,1.150,-66.33283233642578,-27.328,-37.229,-64.557
exploit,14.035,18.350,0.944,7.720,0.400,1.150,-66.41930389404297,-26.319,-39.32,-65.639
explore,12.635,18.050,0.567,9.025,0.700,0.850,-119.38206481933594,-29.273,-40.875,-70.148
exploit,12.135,18.350,1.326,9.520,0.400,1.150,-65.67292785644531,-27.894,-42.794,-70.688
exploit,14.085,18.350,1.030,7.589,0.400,1.150,-66.57609558105469,-26.088,-35.588,-61.676
exploit,14.235,18.350,1.068,7.565,0.400,1.150,-66.5146484375,-28.509,-41.01,-69.519
exploit,14.135,18.350,0.978,7.657,0.400,1.150,-66.44491577148438,-26.334,-41.333,-67.667
exploit,14.035,18.350,1.092,7.621,0.400,1.150,-65.4849624633789,-27.148,-41.947,-69.095
exploit,14.135,18.350,0.968,7.605,0.400,1.150,-66.68743896484375,-28.403,-37.804,-66.207
exploit,14.085,18.350,1.040,7.597,0.400,1.150,-66.45787811279297,-26.536,-37.937,-64.473
explore,9.285,17.950,4.011,12.428,0.800,0.750,-185.253662109375,-162.64,-200,-362.64
exploit,14.085,18.350,0.965,7.680,0.400,1.150,-66.4413070678711,-26.112,-39.61,-65.722
exploit,14.035,18.350,1.139,7.604,0.400,1.150,-64.88642883300781,-26.102,-38.4,-64.502
exploit,14.285,18.350,1.134,7.597,0.400,1.150,-65.12010955810547,-29.12,-41.317,-70.437
exploit,14.135,17.600,0.805,7.478,1.150,0.400,-65.1283187866211,-27.349,-35.849,-63.198
explore,13.185,18.300,0.553,8.251,0.450,1.100,-88.55023193359375,-28.094,-40.793,-68.887
exploit,14.285,18.350,1.405,7.343,0.400,1.150,-64.04847717285156,-26.383,-34.975,-61.358
exploit,14.185,18.350,1.089,7.607,0.400,1.150,-65.85305786132812,-29.333,-39.434,-68.767
exploit,14.285,18.350,1.057,7.549,0.400,1.150,-66.7906494140625,-27.33,-38.531,-65.861
exploit,13.785,18.350,0.929,7.638,0.400,1.150,-66.77333068847656,-27.337,-37.94,-65.277
exploit,14.285,18.350,1.246,7.471,0.400,1.150,-65.14478302001953,-26.846,-38.443,-65.289
exploit,14.185,17.600,0.994,7.650,1.150,0.400,-66.31431579589844,-26.885,-40.586,-67.471
exploit,13.985,18.350,1.032,7.660,0.400,1.150,-66.02619934082031,-28.4,-34.799,-63.199
exploit,13.885,18.350,0.760,7.836,0.400,1.150,-66.75125885009766,-26.618,-39.717,-66.335
exploit,14.235,18.350,1.154,7.563,0.400,1.150,-65.39637756347656,-27.01,-39.011,-66.021
exploit,14.085,17.600,0.981,7.665,1.150,0.400,-66.45764923095703,-27.598,-37.799,-65.397
exploit,14.085,18.350,1.102,7.600,0.400,1.150,-65.7557373046875,-29.387,-37.389,-66.776
exploit,14.285,18.350,1.104,7.557,0.400,1.150,-66.2891616821289,-27.02,-38.719,-65.739
exploit,14.385,18.350,1.252,7.418,0.400,1.150,-66.04751586914062,-27.534,-37.048,-64.582
exploit,13.635,18.350,1.030,7.728,0.400,1.150,-65.18231201171875,-26.279,-36.881,-63.16
exploit,14.135,18.350,0.942,7.724,0.400,1.150,-66.38265991210938,-26.149,-38.348,-64.497
exploit,14.135,17.600,1.062,7.618,1.150,0.400,-65.95809936523438,-27.416,-35.518,-62.934
exploit,13.985,18.350,0.824,7.685,0.400,1.150,-66.39531707763672,-25.88,-40.78,-66.66
exploit,13.935,18.350,0.850,7.844,0.400,1.150,-66.3694839477539,-27.268,-42.368,-69.636
exploit,13.835,18.350,0.934,7.759,0.400,1.150,-66.1749496459961,-26.256,-37.356,-63.612
exploit,13.985,18.350,0.987,7.695,0.400,1.150,-66.19322204589844,-26.952,-39.454,-66.406
exploit,14.335,18.350,1.243,7.446,0.400,1.150,-65.6815185546875,-26.293,-36.492,-62.785
exploit,14.085,18.350,0.938,7.660,0.400,1.150,-66.71177673339844,-26.001,-35.101,-61.102
exploit,14.435,18.350,1.268,7.416,0.400,1.150,-65.7063217163086,-27.714,-40.716,-68.43
exploit,14.035,18.350,0.847,7.649,0.400,1.150,-66.33460998535156,-26.736,-39.834,-66.57
exploit,14.235,18.350,1.180,7.536,0.400,1.150,-65.3056411743164,-28.268,-40.468,-68.736
exploit,14.035,18.350,0.843,7.752,0.400,1.150,-66.67767333984375,-27.223,-41.523,-68.746
exploit,14.035,18.350,0.958,7.692,0.400,1.150,-66.45924377441406,-26.901,-38.402,-65.303
exploit,14.185,18.350,1.029,7.628,0.400,1.150,-66.35636901855469,-26.905,-36.106,-63.011
exploit,14.335,18.350,1.283,7.437,0.400,1.150,-65.02072143554688,-29.245,-37.344,-66.589
exploit,14.085,18.350,0.927,7.575,0.400,1.150,-66.5577163696289,-26,-38.301,-64.301
exploit,14.085,18.350,0.901,7.701,0.400,1.150,-66.66244506835938,-25.829,-37.433,-63.262
exploit,14.035,18.350,0.938,7.669,0.400,1.150,-66.64726257324219,-26.265,-37.859,-64.124
explore,13.585,18.050,0.398,8.069,0.700,0.850,-147.06414794921875,-35.481,-133.582,-169.063
exploit,14.085,18.350,0.826,7.537,0.400,1.150,-64.49172973632812,-26.993,-40.295,-67.288
exploit,14.085,18.350,1.000,7.654,0.400,1.150,-66.30950927734375,-26.128,-37.63,-63.758
exploit,13.885,18.350,1.098,7.660,0.400,1.150,-64.81835174560547,-26.34,-36.841,-63.181
exploit,14.135,18.350,1.046,7.642,0.400,1.150,-65.94001770019531,-25.909,-36.409,-62.318
exploit,12.035,18.350,1.414,9.454,0.400,1.150,-62.67559814453125,-29.79,-47.49,-77.28
exploit,13.985,18.350,1.028,7.666,0.400,1.150,-65.86480712890625,-27.275,-36.375,-63.65
exploit,14.185,18.350,1.086,7.560,0.400,1.150,-66.38320922851562,-28.498,-35.397,-63.895
exploit,14.085,17.600,1.025,7.663,1.150,0.400,-65.50550842285156,-27.21,-41.409,-68.619
exploit,14.185,18.350,1.042,7.617,0.400,1.150,-66.20985412597656,-26.002,-38.403,-64.405
exploit,13.985,18.350,1.077,7.676,0.400,1.150,-64.90684509277344,-27.658,-35.861,-63.519
exploit,14.185,18.350,0.837,7.731,0.400,1.150,-66.75132751464844,-27.633,-40.933,-68.566
exploit,14.035,18.350,0.971,7.697,0.400,1.150,-66.18782043457031,-30.147,-38.548,-68.695
exploit,13.935,18.350,0.997,7.721,0.400,1.150,-65.65323638916016,-27.906,-38.108,-66.014
exploit,13.985,18.350,0.985,7.642,0.400,1.150,-66.46591186523438,-27.484,-35.586,-63.07
exploit,14.135,18.350,0.984,7.668,0.400,1.150,-66.30410766601562,-26.625,-36.026,-62.651
exploit,14.135,18.350,1.011,7.682,0.400,1.150,-65.87992858886719,-26.754,-37.956,-64.71
exploit,13.785,18.350,0.687,7.462,0.400,1.150,-57.940711975097656,-26.884,-36.077,-62.961
exploit,13.885,18.350,0.898,7.654,0.400,1.150,-66.59156036376953,-27.262,-35.561,-62.823
exploit,14.035,18.350,1.052,7.688,0.400,1.150,-65.12724304199219,-26.294,-35.693,-61.987
exploit,14.185,18.350,1.038,7.624,0.400,1.150,-66.13917541503906,-26.377,-39.579,-65.956
exploit,13.985,18.350,1.058,7.702,0.400,1.150,-64.78683471679688,-26.32,-38.221,-64.541
exploit,14.035,18.350,0.953,7.681,0.400,1.150,-66.40479278564453,-27.713,-35.714,-63.427
exploit,14.235,18.350,1.028,7.608,0.400,1.150,-66.35894775390625,-29.048,-41.748,-70.796
exploit,14.185,18.350,0.956,7.655,0.400,1.150,-66.4981460571289,-29.618,-37.218,-66.836
exploit,14.135,18.350,0.954,7.629,0.400,1.150,-66.6063003540039,-26.35,-35.952,-62.302
exploit,14.085,18.350,0.904,7.574,0.400,1.150,-66.29773712158203,-27.455,-35.355,-62.81
exploit,14.085,18.350,1.009,7.748,0.400,1.150,-65.04524230957031,-29.772,-40.074,-69.846
exploit,14.035,18.350,0.992,7.643,0.400,1.150,-66.34378814697266,-29.388,-36.387,-65.775
exploit,14.135,18.350,0.916,7.641,0.400,1.150,-66.57457733154297,-27.744,-41.847,-69.591
exploit,14.135,17.600,0.998,7.646,1.150,0.400,-66.32464599609375,-29.483,-38.78,-68.263
exploit,14.535,18.350,1.479,7.265,0.400,1.150,-63.98318099975586,-27.368,-39.569,-66.937
exploit,14.085,18.350,0.858,7.647,0.400,1.150,-66.40129089355469,-27.01,-39.41,-66.42
explore,13.285,18.250,0.299,8.568,0.500,1.050,-102.94844818115234,-26.751,-40.25,-67.001
exploit,14.285,18.350,1.067,7.595,0.400,1.150,-66.1139907836914,-26.986,-37.786,-64.772
exploit,13.835,18.350,1.010,7.725,0.400,1.150,-65.40078735351562,-26.469,-37.069,-63.538
exploit,13.985,18.350,0.976,7.700,0.400,1.150,-66.091796875,-28.916,-35.815,-64.731
exploit,13.285,18.350,0.393,8.555,0.400,1.150,-64.88948822021484,-26.197,-40.099,-66.296
explore,16.335,18.200,2.925,5.155,0.550,1.000,-133.21963500976562,-139.025,-140.423,-279.448
exploit,13.285,18.350,0.371,8.419,0.400,1.150,-65.43667602539062,-29.081,-40.086,-69.167
exploit,14.185,18.350,1.193,7.548,0.400,1.150,-64.76779174804688,-27.882,-42.578,-70.46
exploit,13.235,18.350,0.309,8.546,0.400,1.150,-64.38932800292969,-26.413,-41.313,-67.726
exploit,13.735,18.350,1.032,7.685,0.400,1.150,-65.51622009277344,-26.294,-38.894,-65.188
exploit,14.085,18.350,1.074,7.623,0.400,1.150,-65.69303894042969,-26.375,-37.163,-63.538
exploit,13.985,18.350,1.019,7.710,0.400,1.150,-65.4086685180664,-26.113,-36.114,-62.227
exploit,13.235,18.350,0.269,8.479,0.400,1.150,-64.60540771484375,-26.334,-39.634,-65.968
exploit,13.935,18.350,0.819,7.737,0.400,1.150,-66.77444458007812,-26.284,-36.284,-62.568
exploit,13.785,18.350,1.036,7.738,0.400,1.150,-64.71089172363281,-27.113,-40.115,-67.228
exploit,14.335,18.350,0.995,7.623,0.400,1.150,-66.43693542480469,-26.617,-38.019,-64.636
exploit,13.085,18.350,0.283,8.666,0.400,1.150,-64.13447570800781,-29.886,-39.888,-69.774
exploit,14.185,18.350,1.047,7.623,0.400,1.150,-66.02179718017578,-26.824,-40.026,-66.85
exploit,14.085,18.350,0.979,7.710,0.400,1.150,-65.93983459472656,-26.462,-35.277,-61.739
exploit,13.335,18.350,0.307,8.491,0.400,1.150,-66.15970611572266,-26.62,-41.72,-68.34
exploit,13.885,18.350,0.931,7.661,0.400,1.150,-66.53377532958984,-27.698,-35.899,-63.597
exploit,13.885,18.350,0.907,7.616,0.400,1.150,-66.46469116210938,-27.193,-38.692,-65.885
exploit,13.185,18.350,0.301,8.542,0.400,1.150,-66.0264892578125,-26.42,-40.627,-67.047
exploit,14.135,18.350,0.844,7.601,0.400,1.150,-65.80255889892578,-26.786,-35.088,-61.874
exploit,14.135,18.350,1.097,7.649,0.400,1.150,-64.90718078613281,-28.901,-35.403,-64.304
exploit,13.835,18.350,1.004,7.708,0.400,1.150,-65.61319732666016,-26.575,-36.974,-63.549
exploit,13.835,18.350,0.997,7.632,0.400,1.150,-66.34017181396484,-29.173,-39.172,-68.345
exploit,13.835,18.350,0.968,7.605,0.400,1.150,-66.53504180908203,-27.055,-39.451,-66.506
exploit,13.985,18.350,1.072,7.651,0.400,1.150,-65.29888916015625,-26.673,-39.469,-66.142
exploit,14.185,17.600,0.645,7.350,1.150,0.400,-54.653778076171875,-28.233,-42.429,-70.662
exploit,14.335,18.350,1.135,7.591,0.400,1.150,-65.1759033203125,-30.11,-42.51,-72.62
exploit,13.985,18.350,0.947,7.543,0.400,1.150,-66.34507751464844,-27.028,-37.228,-64.256
exploit,14.135,18.350,0.917,7.598,0.400,1.150,-66.39939880371094,-25.886,-37.486,-63.372
exploit,13.235,18.350,0.287,8.610,0.400,1.150,-65.54007720947266,-26.503,-41.101,-67.604
exploit,13.135,18.350,0.295,8.571,0.400,1.150,-65.86314392089844,-27.143,-40.944,-68.087
exploit,13.935,18.350,1.113,7.660,0.400,1.150,-64.4583740234375,-26.945,-40.649,-67.594
exploit,14.235,18.350,0.901,7.588,0.400,1.150,-66.19635772705078,-28.367,-37.671,-66.038
exploit,14.185,18.350,1.120,7.635,0.400,1.150,-64.76907348632812,-27.444,-38.245,-65.689
exploit,13.085,18.350,0.279,8.559,0.400,1.150,-65.95633697509766,-29.326,-41.126,-70.452
exploit,13.885,18.350,0.878,7.756,0.400,1.150,-66.52959442138672,-26.061,-42.961,-69.022
exploit,14.035,18.350,0.898,7.583,0.400,1.150,-66.13017272949219,-28.23,-39.331,-67.561
exploit,14.035,18.350,0.996,7.692,0.400,1.150,-65.9190673828125,-26.295,-37.798,-64.093
exploit,14.185,18.350,1.171,7.546,0.400,1.150,-65.3853759765625,-25.779,-38.88,-64.659
exploit,13.935,18.350,1.134,7.638,0.400,1.150,-64.44963073730469,-27.761,-38.16,-65.921
exploit,13.735,18.350,0.880,7.848,0.400,1.150,-66.13457489013672,-26.111,-39.41,-65.521
exploit,14.135,18.350,1.052,7.685,0.400,1.150,-65.22564697265625,-26.196,-36.594,-62.79
exploit,14.235,18.350,1.037,7.544,0.400,1.150,-66.65958404541016,-26.701,-38.001,-64.702
exploit,14.285,18.350,1.176,7.367,0.400,1.150,-67.3643798828125,-26.772,-36.672,-63.444
exploit,14.035,18.350,1.036,7.653,0.400,1.150,-65.83146667480469,-27.256,-38.657,-65.913
exploit,13.185,18.350,0.285,8.520,0.400,1.150,-66.69127655029297,-26.09,-40.888,-66.978
exploit,14.085,18.350,0.876,7.663,0.400,1.150,-66.4610595703125,-26.314,-38.915,-65.229
exploit,14.285,18.350,1.042,7.645,0.400,1.150,-65.8400650024414,-28.045,-38.445,-66.49
exploit,14.135,18.350,0.974,7.646,0.400,1.150,-66.38186645507812,-28.569,-36.673,-65.242
exploit,14.185,18.350,0.841,7.571,0.400,1.150,-65.2699966430664,-27.066,-38.864,-65.93
exploit,14.035,18.350,1.056,7.636,0.400,1.150,-65.77307891845703,-27.887,-36.586,-64.473
exploit,14.035,18.350,0.882,7.549,0.400,1.150,-65.56143188476562,-27.383,-37.682,-65.065
exploit,14.185,18.350,0.988,7.594,0.400,1.150,-66.50752258300781,-28.979,-39.777,-68.756
exploit,14.035,18.350,1.017,7.677,0.400,1.150,-65.79595184326172,-28.32,-39.626,-67.946
explore,9.935,17.800,3.225,11.464,1.051,0.600,-92.80643463134766,-29.858,-54.058,-83.916
exploit,13.935,18.350,0.969,7.733,0.400,1.150,-65.86273193359375,-27.658,-35.858,-63.516
exploit,13.935,18.350,1.131,7.648,0.400,1.150,-64.32136535644531,-27.51,-41.81,-69.32
exploit,14.235,18.350,1.027,7.567,0.400,1.150,-66.54547882080078,-26.199,-36.698,-62.897
exploit,14.235,18.350,0.997,7.589,0.400,1.150,-66.52513122558594,-26.575,-37.177,-63.752
exploit,14.085,18.350,1.049,7.626,0.400,1.150,-65.97476959228516,-29.673,-35.775,-65.448
explore,13.435,17.600,0.304,8.335,1.150,0.400,-146.917724609375,-27.507,-40.508,-68.015
exploit,13.135,18.350,0.268,8.590,0.400,1.150,-65.93501281738281,-27.233,-41.537,-68.77
exploit,14.235,18.350,0.989,7.550,0.400,1.150,-66.48716735839844,-27.266,-41.765,-69.031
exploit,14.135,18.350,1.100,7.602,0.400,1.150,-65.63040161132812,-29.499,-36.899,-66.398
exploit,13.985,18.350,0.793,7.685,0.400,1.150,-66.21522521972656,-26.167,-38.966,-65.133
exploit,14.135,18.350,0.945,7.652,0.400,1.150,-66.45417785644531,-26.206,-39.708,-65.914
exploit,12.485,17.600,0.776,9.326,1.150,0.400,-65.36556243896484,-33.637,-45.137,-78.774
exploit,14.135,18.350,0.972,7.674,0.400,1.150,-66.24481201171875,-27.1,-35.8,-62.9
exploit,14.085,18.350,1.006,7.702,0.400,1.150,-65.70246887207031,-27.411,-41.509,-68.92
exploit,14.285,18.350,1.088,7.573,0.400,1.150,-66.12149810791016,-29.09,-38.09,-67.18
exploit,18.935,17.600,1.575,6.931,1.275,0.400,-52.945701599121094,-40.863,-38.365,-79.228
exploit,14.235,18.350,0.930,7.534,0.400,1.150,-65.9695053100586,-27.088,-38.09,-65.178
exploit,14.385,18.350,1.040,7.550,0.400,1.150,-66.56062316894531,-27.625,-38.921,-66.546
exploit,13.985,18.350,1.107,7.635,0.400,1.150,-65.07028198242188,-26.771,-38.572,-65.343
exploit,14.335,18.350,1.245,7.468,0.400,1.150,-65.42951202392578,-28.213,-35.512,-63.725
exploit,14.085,17.600,0.989,7.638,1.150,0.400,-66.30349731445312,-27.888,-38.689,-66.577
exploit,14.085,18.350,1.063,7.623,0.400,1.150,-65.86000061035156,-26.351,-35.851,-62.202
exploit,13.885,18.350,1.098,7.659,0.400,1.150,-64.83937072753906,-27.121,-36.517,-63.638
exploit,14.235,18.350,0.842,7.524,0.400,1.150,-64.4286117553711,-26.508,-35.608,-62.116
exploit,13.885,18.350,0.904,7.682,0.400,1.150,-66.49532318115234,-26.842,-40.042,-66.884
exploit,14.135,18.350,0.857,7.437,0.400,1.150,-62.797332763671875,-29.489,-37.292,-66.781
exploit,14.085,18.350,1.131,7.638,0.400,1.150,-64.5323486328125,-25.913,-36.713,-62.626
exploit,14.185,18.350,1.050,7.648,0.400,1.150,-64.9169921875,-26.433,-37.132,-63.565
explore,15.735,18.350,2.334,6.018,0.400,1.150,-88.212158203125,-135.296,-138.884,-274.18
exploit,13.985,18.350,1.014,7.676,0.400,1.150,-65.45875549316406,-28.126,-37.229,-65.355
exploit,14.035,18.350,0.994,7.733,0.400,1.150,-65.48076629638672,-26.28,-34.973,-61.253
exploit,14.185,17.600,0.963,7.664,1.150,0.400,-66.2845230102539,-27.065,-38.362,-65.427
exploit,13.935,18.350,0.930,7.768,0.400,1.150,-65.38227844238281,-29.153,-36.054,-65.207
exploit,14.235,18.350,0.994,7.543,0.400,1.150,-66.12086486816406,-27.062,-35.96,-63.022
exploit,14.185,18.350,1.014,7.707,0.400,1.150,-65.51505279541016,-26.794,-36.892,-63.686
exploit,14.185,18.350,1.147,7.431,0.400,1.150,-66.72931671142578,-30.128,-37.836,-67.964
exploit,14.285,18.350,0.962,7.556,0.400,1.150,-66.45954132080078,-26.899,-41.899,-68.798
exploit,14.235,18.350,1.063,7.528,0.400,1.150,-66.60205078125,-26.346,-38.745,-65.091
explore,11.935,17.800,1.365,9.809,0.950,0.600,-73.19587707519531,-29.702,-48.002,-77.704
explore,12.285,17.850,0.973,9.470,0.900,0.650,-76.07681274414062,-145.895,-49.095,-194.99
exploit,13.985,18.350,0.925,7.810,0.400,1.150,-65.48802947998047,-28.073,-41.674,-69.747
exploit,13.135,18.350,0.267,8.557,0.400,1.150,-65.93866729736328,-26.835,-42.537,-69.372
exploit,14.085,17.600,0.970,7.649,1.150,0.400,-66.30020141601562,-27.729,-35.728,-63.457
exploit,18.935,17.600,0.906,7.284,1.275,0.400,-57.74662780761719,-41.492,-39.492,-80.984
exploit,14.035,18.350,0.995,7.620,0.400,1.150,-66.73896789550781,-26.956,-38.357,-65.313
exploit,12.635,17.600,0.627,9.145,1.150,0.400,-65.06773376464844,-30.028,-47.225,-77.253
exploit,14.185,18.350,1.016,7.587,0.400,1.150,-66.6209487915039,-26.44,-38.043,-64.483
exploit,13.935,18.350,0.924,7.681,0.400,1.150,-66.12364196777344,-27.045,-35.547,-62.592
exploit,14.085,18.350,1.027,7.637,0.400,1.150,-66.17816162109375,-26.957,-39.958,-66.915
exploit,14.285,18.350,1.013,7.557,0.400,1.150,-66.05978393554688,-26.445,-41.545,-67.99
exploit,14.135,17.600,1.006,7.662,1.150,0.400,-65.28166198730469,-27.097,-37.897,-64.994
exploit,14.135,17.600,0.975,7.676,1.150,0.400,-65.6416015625,-27.707,-36.908,-64.615
exploit,14.285,18.350,1.161,7.528,0.400,1.150,-65.17820739746094,-28.229,-37.926,-66.155
exploit,14.335,18.350,0.996,7.596,0.400,1.150,-67.0641860961914,-26.899,-38.6,-65.499
exploit,13.985,18.350,1.039,7.628,0.400,1.150,-65.88552856445312,-27.881,-39.579,-67.46
exploit,14.035,18.350,1.041,7.690,0.400,1.150,-65.2887954711914,-29.206,-37.706,-66.912
exploit,14.135,18.350,0.944,7.445,0.400,1.150,-65.22418975830078,-26.209,-36.61,-62.819
exploit,13.985,18.350,0.939,7.696,0.400,1.150,-66.30542755126953,-26.667,-35.069,-61.736
exploit,14.185,18.350,1.011,7.590,0.400,1.150,-66.4952392578125,-29.82,-40.521,-70.341
exploit,14.135,18.350,0.958,7.513,0.400,1.150,-66.00567626953125,-25.839,-39.139,-64.978
exploit,13.985,18.350,1.048,7.628,0.400,1.150,-65.14823913574219,-27.89,-38.692,-66.582
exploit,14.085,18.350,0.937,7.631,0.400,1.150,-66.51197052001953,-25.874,-40.575,-66.449
exploit,13.885,18.350,1.033,7.664,0.400,1.150,-65.68316650390625,-26.051,-38.052,-64.103
exploit,14.235,18.350,1.003,7.512,0.400,1.150,-66.5999526977539,-25.405,-37.004,-62.409
exploit,14.135,18.350,0.861,7.501,0.400,1.150,-64.45538330078125,-26.526,-38.527,-65.053
exploit,14.185,18.350,1.049,7.634,0.400,1.150,-65.25634765625,-29.891,-37.693,-67.584
exploit,14.235,18.350,0.911,7.412,0.400,1.150,-63.34996032714844,-27.079,-39.179,-66.258
explore,13.985,18.000,0.757,7.742,0.750,0.800,-105.06221008300781,-134.559,-35.263,-169.822
exploit,14.185,18.350,1.119,7.567,0.400,1.150,-65.61031341552734,-27.906,-36.807,-64.713
exploit,13.985,18.350,1.021,7.634,0.400,1.150,-66.11436462402344,-26.867,-36.671,-63.538
exploit,13.935,17.600,1.008,7.663,1.150,0.400,-65.42505645751953,-27.438,-41.04,-68.478
exploit,14.235,17.600,0.969,7.677,1.150,0.400,-66.09617614746094,-28.493,-38.994,-67.487
exploit,14.185,18.350,1.120,7.573,0.400,1.150,-65.22591400146484,-28.665,-36.867,-65.532
exploit,14.035,18.350,0.965,7.725,0.400,1.150,-65.70848083496094,-26.491,-42.087,-68.578
exploit,14.235,18.350,1.089,7.529,0.400,1.150,-65.66354370117188,-27.476,-38.376,-65.852
exploit,14.185,18.350,1.121,7.547,0.400,1.150,-65.28855895996094,-26.948,-36.249,-63.197
exploit,14.235,18.350,1.047,7.492,0.400,1.150,-66.36912536621094,-26.466,-38.863,-65.329
exploit,14.135,18.350,0.927,7.531,0.400,1.150,-65.85387420654297,-27.132,-35.034,-62.166
exploit,14.185,18.350,1.247,7.405,0.400,1.150,-65.58763122558594,-26.259,-38.558,-64.817
exploit,14.185,18.350,1.018,7.575,0.400,1.150,-66.15055847167969,-26.281,-37.682,-63.963
exploit,14.035,18.350,1.000,7.678,0.400,1.150,-65.76874542236328,-28.468,-38.566,-67.034
explore,9.985,18.700,3.328,11.822,0.364,0.658,-109.12117004394531,-148.711,-200,-348.711
exploit,14.135,18.350,1.190,7.561,0.400,1.150,-64.37342071533203,-29.062,-38.663,-67.725
exploit,12.985,18.350,0.622,8.404,0.400,1.150,-65.24317932128906,-26.021,-41.822,-67.843
exploit,13.035,18.350,0.613,8.413,0.400,1.150,-65.67455291748047,-27.419,-42.02,-69.439
exploit,14.185,18.350,1.076,7.620,0.400,1.150,-65.52940368652344,-26.66,-35.762,-62.422
exploit,13.985,18.350,0.936,7.802,0.400,1.150,-65.36648559570312,-27.687,-39.687,-67.374
exploit,13.085,18.350,0.614,8.414,0.400,1.150,-66.12379455566406,-25.941,-38.542,-64.483
exploit,14.135,18.350,0.914,7.700,0.400,1.150,-66.44534301757812,-26.41,-38.71,-65.12
explore,9.885,18.100,3.222,11.806,0.820,0.900,-160.27951049804688,-157.277,-200,-357.277
exploit,14.085,18.350,0.996,7.517,0.400,1.150,-66.40519714355469,-29.194,-35.695,-64.889
exploit,14.385,18.350,1.275,7.432,0.400,1.150,-65.17408752441406,-29.006,-38.32,-67.326
exploit,14.135,18.350,1.020,7.564,0.400,1.150,-66.1600112915039,-26.353,-40.553,-66.906
explore,15.185,17.900,2.014,6.488,0.850,0.700,-156.82321166992188,-132.792,-35.494,-168.286
exploit,14.335,18.350,1.038,7.512,0.400,1.150,-66.76395416259766,-27.472,-38.172,-65.644
exploit,14.285,18.350,1.064,7.556,0.400,1.150,-66.25395202636719,-26.952,-34.652,-61.604
exploit,10.785,18.350,2.751,10.995,0.400,1.150,-64.13622283935547,-32.886,-51.179,-84.065
exploit,10.735,18.350,2.630,11.157,0.400,1.150,-65.73085021972656,-30.868,-51.067,-81.935
exploit,14.185,18.350,0.967,7.435,0.400,1.150,-65.56932830810547,-26.465,-38.267,-64.732
exploit,14.135,18.350,1.148,7.592,0.400,1.150,-64.5653076171875,-28.377,-36.776,-65.153
exploit,14.135,18.350,0.818,7.417,0.400,1.150,-61.49870300292969,-25.893,-36.792,-62.685
exploit,13.235,18.350,0.650,8.260,0.400,1.150,-65.64971923828125,-26.108,-39.907,-66.015
exploit,14.235,18.350,1.049,7.537,0.400,1.150,-66.43757629394531,-26.299,-37.601,-63.9
exploit,14.085,18.350,1.088,7.588,0.400,1.150,-65.81591796875,-27.288,-41.588,-68.876
exploit,14.285,18.350,1.097,7.412,0.400,1.150,-65.91966247558594,-26.452,-35.646,-62.098
exploit,14.085,17.600,1.010,7.675,1.150,0.400,-65.20611572265625,-27.772,-39.172,-66.944
exploit,14.235,18.350,1.031,7.496,0.400,1.150,-66.31809997558594,-29.243,-38.843,-68.086
exploit,13.085,18.350,0.575,8.454,0.400,1.150,-66.29639434814453,-25.717,-41.216,-66.933
exploit,14.385,18.350,1.266,7.418,0.400,1.150,-65.24864196777344,-25.192,-37.693,-62.885
exploit,14.485,18.350,1.280,7.425,0.400,1.150,-64.9218521118164,-26.851,-38.751,-65.602
exploit,14.285,18.350,1.056,7.417,0.400,1.150,-66.36520385742188,-25.793,-36.893,-62.686
exploit,13.585,18.350,0.693,8.142,0.400,1.150,-65.32528686523438,-26.155,-44.255,-70.41
exploit,14.035,18.350,1.072,7.500,0.400,1.150,-66.02460479736328,-26.162,-38.565,-64.727
exploit,14.285,18.350,1.165,7.457,0.400,1.150,-66.106689453125,-26.537,-38.853,-65.39
exploit,14.335,18.350,1.096,7.455,0.400,1.150,-66.13102722167969,-26.978,-39.476,-66.454
exploit,14.235,18.350,1.098,7.604,0.400,1.150,-65.68702697753906,-26.883,-37.185,-64.068
exploit,14.185,18.350,0.856,7.550,0.400,1.150,-65.33818054199219,-26.338,-35.539,-61.877
exploit,14.385,18.350,1.124,7.415,0.400,1.150,-66.47163391113281,-25.658,-38.648,-64.306
exploit,14.385,18.350,1.014,7.412,0.400,1.150,-66.16319274902344,-26.313,-35.808,-62.121
exploit,14.235,18.350,1.166,7.473,0.400,1.150,-65.72433471679688,-26.759,-35.46,-62.219
exploit,14.085,17.600,1.057,7.631,1.150,0.400,-65.40808868408203,-27.83,-38.932,-66.762
exploit,14.335,18.350,0.980,7.317,0.400,1.150,-63.57867431640625,-27.429,-37.131,-64.56
exploit,14.385,18.350,1.041,7.459,0.400,1.150,-66.29914093017578,-27.624,-38.034,-65.658
exploit,13.235,18.350,0.548,8.383,0.400,1.150,-66.52356719970703,-25.315,-38.821,-64.136
exploit,13.885,18.350,0.944,7.794,0.400,1.150,-65.67648315429688,-25.37,-39.678,-65.048
exploit,14.285,18.350,1.058,7.596,0.400,1.150,-66.26655578613281,-26.429,-37.93,-64.359
exploit,14.285,18.350,1.065,7.595,0.400,1.150,-65.80618286132812,-26.131,-38.532,-64.663
exploit,14.435,18.350,1.196,7.427,0.400,1.150,-66.2451400756836,-27.363,-35.964,-63.327
exploit,14.335,18.350,1.222,7.466,0.400,1.150,-65.40757751464844,-26.335,-36.125,-62.46
exploit,14.085,18.350,0.958,7.614,0.400,1.150,-66.40347290039062,-25.71,-35.809,-61.519
exploit,14.335,18.350,1.102,7.564,0.400,1.150,-65.4500961303711,-26.205,-36.604,-62.809
exploit,13.985,18.350,1.069,7.645,0.400,1.150,-65.24430084228516,-25.859,-36.661,-62.52
exploit,14.085,17.600,1.043,7.634,1.150,0.400,-65.46994018554688,-27.501,-36.399,-63.9
exploit,14.285,18.350,1.134,7.593,0.400,1.150,-65.05670166015625,-27.517,-38.022,-65.539
exploit,14.235,18.350,1.101,7.575,0.400,1.150,-65.04998016357422,-25.238,-37.428,-62.666
exploit,14.035,18.350,0.958,7.610,0.400,1.150,-66.29029846191406,-25.638,-36.638,-62.276
exploit,13.285,18.350,0.618,8.302,0.400,1.150,-65.5630874633789,-26.521,-38.921,-65.442
exploit,13.885,18.350,1.078,7.637,0.400,1.150,-65.17564392089844,-25.615,-38.415,-64.03
exploit,14.235,18.350,0.901,7.334,0.400,1.150,-61.48436737060547,-26.339,-38.939,-65.278
exploit,14.285,18.350,1.012,7.354,0.400,1.150,-65.13075256347656,-25.934,-37.941,-63.875
exploit,14.235,18.350,1.134,7.393,0.400,1.150,-66.3270034790039,-28.027,-41.726,-69.753
exploit,14.135,18.350,0.886,7.445,0.400,1.150,-64.43787384033203,-26.027,-40.827,-66.854
exploit,13.935,18.350,1.034,7.675,0.400,1.150,-65.27679443359375,-25.699,-38.898,-64.597
exploit,14.185,18.350,0.940,7.492,0.400,1.150,-65.6507568359375,-27.213,-40.212,-67.425
exploit,14.185,18.350,0.963,7.494,0.400,1.150,-65.49565887451172,-25.182,-38.884,-64.066
exploit,14.385,18.350,1.155,7.399,0.400,1.150,-66.51403045654297,-28.84,-36.437,-65.277
exploit,14.235,18.350,0.882,7.394,0.400,1.150,-63.71278381347656,-25.867,-34.969,-60.836
exploit,14.185,18.350,1.125,7.608,0.400,1.150,-64.70111083984375,-27.528,-36.424,-63.952
exploit,14.035,17.600,1.021,7.651,1.150,0.400,-65.44393920898438,-27.874,-39.875,-67.749
exploit,14.385,18.350,1.052,7.229,0.400,1.150,-64.39061737060547,-25.772,-36.574,-62.346
exploit,14.285,18.350,1.047,7.388,0.400,1.150,-66.01165771484375,-27.431,-39.331,-66.762
exploit,14.085,18.350,0.886,7.794,0.400,1.150,-66.3589096069336,-26.123,-41.123,-67.246
exploit,13.235,18.350,0.595,8.367,0.400,1.150,-65.84719848632812,-25.976,-40.482,-66.458
exploit,14.585,18.350,1.125,7.430,0.400,1.150,-66.50865173339844,-26.52,-36.219,-62.739
exploit,14.285,18.350,1.281,7.443,0.400,1.150,-64.52027130126953,-25.347,-37.436,-62.783
exploit,14.285,18.350,1.096,7.551,0.400,1.150,-65.47235107421875,-25.563,-35.574,-61.137
exploit,14.235,18.350,1.031,7.518,0.400,1.150,-66.27787017822266,-26.749,-38.346,-65.095
exploit,14.285,18.350,1.083,7.561,0.400,1.150,-65.89614868164062,-26.28,-41.581,-67.861
exploit,14.135,18.350,0.965,7.605,0.400,1.150,-66.52523803710938,-26.432,-36.829,-63.261
exploit,14.135,18.350,0.968,7.586,0.400,1.150,-66.33483123779297,-25.742,-38.344,-64.086
exploit,13.285,18.350,0.549,8.336,0.400,1.150,-65.99261474609375,-25.515,-39.616,-65.131
explore,15.485,17.900,2.182,6.289,0.850,0.700,-160.25970458984375,-150.01,-32.209,-182.219
exploit,14.285,18.350,0.942,7.508,0.400,1.150,-66.33699035644531,-25.522,-39.223,-64.745
exploit,14.435,18.350,1.206,7.338,0.400,1.150,-66.95992279052734,-26.587,-38.986,-65.573
exploit,14.185,18.350,1.093,7.601,0.400,1.150,-65.4556884765625,-25.679,-36.778,-62.457
exploit,14.085,18.350,0.899,7.735,0.400,1.150,-66.10623168945312,-25.483,-38.076,-63.559
exploit,14.335,18.350,1.103,7.383,0.400,1.150,-66.35680389404297,-27.052,-40.053,-67.105
exploit,14.285,18.350,1.038,7.484,0.400,1.150,-66.4534912109375,-25.942,-37.042,-62.984
exploit,14.335,18.350,1.115,7.545,0.400,1.150,-65.88360595703125,-26.591,-36.095,-62.686
exploit,14.335,18.350,1.267,7.319,0.400,1.150,-66.50294494628906,-25.472,-40.974,-66.446
exploit,13.985,18.350,0.691,7.913,0.400,1.150,-65.75910949707031,-26.265,-42.268,-68.533
exploit,14.335,18.350,1.163,7.435,0.400,1.150,-65.82965087890625,-26.669,-41.372,-68.041
exploit,13.235,18.350,0.636,8.284,0.400,1.150,-64.91484069824219,-25.761,-38.075,-63.836
exploit,14.035,18.350,1.071,7.670,0.400,1.150,-64.58695983886719,-25.819,-37.918,-63.737
exploit,14.285,18.350,1.250,7.443,0.400,1.150,-64.74481964111328,-26.081,-34.578,-60.659
exploit,14.285,18.350,1.163,7.463,0.400,1.150,-65.68180847167969,-25.699,-35.198,-60.897
exploit,14.285,18.350,1.140,7.428,0.400,1.150,-65.89045715332031,-26.297,-37.501,-63.798
exploit,14.285,18.350,1.115,7.442,0.400,1.150,-66.04975891113281,-25.571,-41.072,-66.643
exploit,14.185,18.350,1.260,7.483,0.400,1.150,-63.778663635253906,-25.922,-35.523,-61.445
exploit,13.435,18.350,0.574,8.284,0.400,1.150,-65.4980239868164,-25.526,-40.539,-66.065
exploit,14.085,18.350,1.022,7.520,0.400,1.150,-65.98076629638672,-26.066,-40.064,-66.13
explore,11.935,17.850,1.261,9.851,0.900,0.650,-81.69165802001953,-39.489,-137.289,-176.778
exploit,14.285,18.350,1.189,7.460,0.400,1.150,-65.55284118652344,-27.298,-37.701,-64.999
exploit,14.285,18.350,1.211,7.465,0.400,1.150,-65.03056335449219,-25.877,-36.274,-62.151
exploit,13.735,18.350,0.648,8.015,0.400,1.150,-65.57305908203125,-25.602,-35.696,-61.298
exploit,14.185,18.350,1.105,7.310,0.400,1.150,-64.8370132446289,-25.501,-36.4,-61.901
exploit,14.185,18.350,1.081,7.540,0.400,1.150,-66.15682983398438,-25.502,-38.604,-64.106
exploit,13.285,18.350,0.583,8.321,0.400,1.150,-65.26935577392578,-25.712,-37.112,-62.824
exploit,14.485,18.350,1.375,7.309,0.400,1.150,-64.39505004882812,-26.267,-36.468,-62.735
exploit,14.535,18.350,1.295,7.303,0.400,1.150,-66.17976379394531,-27.938,-40.438,-68.376
exploit,14.385,18.350,1.211,7.340,0.400,1.150,-65.98268127441406,-26.417,-40.518,-66.935
exploit,14.285,18.350,1.065,7.549,0.400,1.150,-66.17904663085938,-25.57,-38.07,-63.64
exploit,14.385,18.350,1.058,7.327,0.400,1.150,-64.45651245117188,-26.339,-37.739,-64.078
exploit,14.035,18.350,1.063,7.668,0.400,1.150,-65.16555786132812,-25.786,-35.788,-61.574
exploit,13.635,18.350,0.587,8.191,0.400,1.150,-65.53288269042969,-26.25,-41.947,-68.197
exploit,14.085,18.350,1.179,7.564,0.400,1.150,-64.16056060791016,-25.538,-41.936,-67.474
exploit,14.285,18.350,1.384,7.366,0.400,1.150,-63.757080078125,-25.931,-36.933,-62.864
exploit,13.535,18.350,0.694,8.167,0.400,1.150,-64.61480712890625,-25.985,-36.095,-62.08
exploit,14.485,18.350,1.273,7.430,0.400,1.150,-64.9272689819336,-25.88,-35.079,-60.959
exploit,12.985,18.350,0.609,8.418,0.400,1.150,-65.74011993408203,-26.097,-36.995,-63.092
exploit,14.285,18.350,1.001,7.412,0.400,1.150,-64.93579864501953,-25.671,-35.57,-61.241
exploit,13.235,18.350,0.590,8.371,0.400,1.150,-64.57015991210938,-25.948,-38.847,-64.795
exploit,13.685,18.350,0.643,8.032,0.400,1.150,-65.19577026367188,-25.506,-39.501,-65.007
exploit,13.685,18.350,0.665,8.164,0.400,1.150,-65.04936981201172,-25.717,-37.115,-62.832
exploit,14.535,18.350,1.378,7.298,0.400,1.150,-65.26282501220703,-27.928,-39.723,-67.651
exploit,14.435,18.350,1.205,7.379,0.400,1.150,-65.35845947265625,-28.543,-43.343,-71.886
exploit,14.635,18.350,1.234,7.429,0.400,1.150,-65.16783142089844,-27.431,-37.528,-64.959
exploit,14.385,18.350,1.270,7.389,0.400,1.150,-65.63758850097656,-25.174,-36.575,-61.749
exploit,14.435,18.350,1.317,7.405,0.400,1.150,-64.050048828125,-26.306,-36.703,-63.009
exploit,13.785,18.350,0.647,8.016,0.400,1.150,-64.90122985839844,-26.677,-41.077,-67.754
exploit,13.985,17.600,0.991,7.676,1.150,0.400,-65.78235626220703,-27.636,-42.136,-69.772
exploit,13.735,18.350,0.613,8.003,0.400,1.150,-65.79461669921875,-26.52,-40.221,-66.741
exploit,14.185,18.350,1.109,7.549,0.400,1.150,-65.59339904785156,-26.488,-39.985,-66.473
exploit,14.385,18.350,1.231,7.394,0.400,1.150,-65.78724670410156,-26.623,-41.423,-68.046
exploit,14.435,18.350,1.282,7.371,0.400,1.150,-65.0986099243164,-26.992,-41.889,-68.881
exploit,13.485,18.350,0.698,8.175,0.400,1.150,-64.44110107421875,-26.457,-39.654,-66.111
exploit,14.035,18.350,1.205,7.502,0.400,1.150,-64.78500366210938,-25.356,-39.957,-65.313
exploit,13.835,18.350,0.582,8.009,0.400,1.150,-65.88752746582031,-25.725,-40.525,-66.25
exploit,14.285,18.350,1.336,7.372,0.400,1.150,-64.92830657958984,-27.02,-36.717,-63.737
exploit,14.235,18.350,1.174,7.522,0.400,1.150,-64.42638397216797,-25.753,-35.955,-61.708
exploit,13.785,18.350,0.668,7.958,0.400,1.150,-66.0361557006836,-25.746,-38.844,-64.59
exploit,14.185,18.350,0.957,7.502,0.400,1.150,-65.28749084472656,-27.824,-40.904,-68.728
exploit,14.335,18.350,1.161,7.432,0.400,1.150,-65.40514373779297,-26.985,-41.784,-68.769
exploit,14.485,18.350,1.301,7.341,0.400,1.150,-64.33561706542969,-26.043,-39.028,-65.071
exploit,14.435,18.350,1.210,7.320,0.400,1.150,-65.2701416015625,-26.094,-37.597,-63.691
exploit,13.735,18.350,0.618,8.076,0.400,1.150,-65.89645385742188,-25.722,-40.622,-66.344
exploit,14.235,18.350,1.331,7.352,0.400,1.150,-63.359580993652344,-28.364,-37.465,-65.829
exploit,14.335,18.350,1.213,7.400,0.400,1.150,-65.58958435058594,-27.182,-41.58,-68.762
