type,wx,wy,d1,d2,d3,d4,E_reward,roberto_reward,marvin_reward,reward
explore,9.971,18.729,1.012,9.289,0.371,0.640,-30.6855525970459,-51.621,-57.72,-109.341
exploit,6.007,18.500,3.883,12.375,0.251,1.340,-0.4999999701976776,-28.129,-52.23,-80.359
exploit,5.639,17.674,3.268,11.801,0.832,0.623,-0.4999999701976776,-1022.75,-1022.75,-2045.51
exploit,11.348,17.202,3.187,5.428,0.037,0.013,-0.4999999701976776,-1018.61,-1018.61,-2037.22
exploit,11.309,18.479,2.999,5.499,0.272,1.280,-0.4999999701976776,-1013.91,-1013.91,-2027.82
exploit,11.291,17.323,1.572,7.186,1.427,0.123,-0.5000626444816589,-1013.3,-1013.3,-2026.6
exploit,13.933,17.256,1.459,7.279,1.494,0.056,-0.5001135468482971,-144.615,-55.817,-200.432
exploit,10.193,17.333,2.020,10.359,1.430,0.134,-0.5229833722114563,-139.219,-48.817,-188.036
exploit,13.283,18.657,1.395,7.265,0.093,1.457,-0.517627477645874,-1014.9,-1014.9,-2029.8
explore,7.676,18.173,0.903,7.764,0.577,1.459,-0.5978990793228149,-37.3,-129.902,-167.202
exploit,13.576,17.464,4.043,4.555,1.286,0.264,-0.5540422797203064,-125.918,-36.216,-162.134
exploit,14.732,17.925,3.986,4.513,0.825,0.725,-0.8151049613952637,-125.924,-36.427,-162.351
explore,1.768,17.484,3.588,12.070,1.600,1.105,-6.261094093322754,-27.987,-49.986,-77.973
exploit,6.319,18.592,2.251,10.780,0.159,1.392,-0.5751017928123474,-1013.11,-1013.11,-2026.22
explore,15.180,17.846,3.967,4.606,0.904,0.646,-61.94318389892578,-1015.84,-1015.84,-2031.69
exploit,13.962,17.543,2.565,5.959,1.208,0.343,-1.4666537046432495,-35.359,-41.558,-76.917
exploit,9.416,17.219,1.123,7.877,0.036,0.027,-1.2863497734069824,-1013.8,-1013.8,-2027.6
exploit,9.884,17.322,0.615,8.509,1.514,0.122,-1.1267931461334229,-130.262,-49.761,-180.023
exploit,8.386,17.158,0.957,8.605,1.655,0.349,-1.3828939199447632,-1014.17,-1014.17,-2028.33
explore,14.674,17.626,1.762,6.790,1.124,0.426,-26.09393310546875,-1013.12,-1013.12,-2026.25
exploit,7.768,18.444,1.508,9.874,0.307,1.615,-4.0985493659973145,-30.506,-48.008,-78.514
exploit,5.114,17.239,2.206,10.613,0.088,0.044,-2.0594868659973145,-156.71,-137.109,-293.819
explore,9.672,17.376,1.484,9.855,1.428,0.176,-16.771507263183594,-1016.25,-1016.25,-2032.51
exploit,14.593,17.218,2.237,6.406,0.046,0.019,-3.040827751159668,-132.665,-48.565,-181.23
exploit,11.848,17.237,2.197,6.429,0.142,0.039,-3.9829154014587402,-1014.15,-1014.15,-2028.29
exploit,10.578,18.636,2.241,6.250,0.114,1.436,-5.7007646560668945,-137.179,-48.679,-185.858
exploit,12.071,18.249,0.200,8.546,0.501,1.049,-6.044241428375244,-1017.05,-1017.05,-2034.09
exploit,6.889,17.125,3.195,11.417,0.255,1.636,-6.009042739868164,-132.204,-50.702,-182.906
exploit,8.776,17.156,3.438,11.924,0.042,0.011,-5.459963321685791,-138.38,-48.384,-186.764
explore,7.578,17.617,2.070,10.537,1.133,1.052,-11.476690292358398,-1020.4,-1020.4,-2040.8
explore,8.840,18.245,3.919,12.507,0.541,1.045,-31.156118392944336,-1022.67,-1022.67,-2045.34
exploit,7.582,18.579,0.747,9.154,0.171,1.702,-10.00704288482666,-145.506,-200,-345.506
exploit,2.445,13.926,5.485,12.950,0.391,1.600,-0.584474503993988,-27.255,-66.453,-93.708
exploit,14.028,17.347,3.245,5.343,1.403,0.147,-9.385886192321777,-1016.19,-1016.19,-2032.38
explore,4.999,18.536,0.808,8.927,0.215,1.118,-51.463233947753906,-142.596,-48.393,-190.989
exploit,2.685,14.609,4.758,12.283,1.600,0.151,-0.8397104740142822,-142.31,-51.612,-193.922
exploit,2.610,14.302,4.914,12.206,1.600,0.225,-0.7066396474838257,-137.589,-49.189,-186.778
exploit,14.621,18.523,3.995,4.613,0.227,1.323,-11.017791748046875,-1012.91,-1012.91,-2025.82
explore,11.688,17.592,0.765,9.058,1.158,0.392,-37.096717834472656,-28.952,-42.738,-71.69
exploit,10.104,17.426,2.973,11.392,1.354,0.226,-11.955693244934082,-1014.41,-1014.41,-2028.83
exploit,9.801,17.428,2.691,11.165,1.419,0.229,-8.671744346618652,-1018.62,-1018.62,-2037.25
exploit,4.564,17.576,3.997,12.546,1.174,0.128,-14.463852882385254,-1013.01,-1013.01,-2026.02
exploit,1.452,14.307,5.343,12.906,1.600,1.383,-2.682929039001465,-27.801,-60.499,-88.3
exploit,9.596,17.797,0.808,7.467,1.003,0.597,-17.01097297668457,-1014.79,-1014.79,-2029.57
exploit,10.322,17.205,0.695,8.864,0.038,0.014,-14.948098182678223,-1023.51,-1023.51,-2047.03
exploit,2.758,14.177,5.075,12.494,0.080,0.287,-1.8145099878311157,-153.18,-138.387,-291.567
exploit,8.780,18.733,2.792,11.289,0.255,0.798,-25.22301483154297,-1013.5,-1013.5,-2027
exploit,5.122,17.421,1.655,9.952,0.248,0.200,-16.48471450805664,-1088.38,-1088.38,-2176.76
exploit,14.509,17.256,3.864,4.845,0.184,0.061,-17.65610694885254,-1013.8,-1013.8,-2027.61
explore,8.891,17.571,2.708,11.048,1.187,0.371,-62.07160949707031,-33.039,-52.334,-85.373
explore,15.290,18.641,2.970,5.563,0.109,1.441,-47.893733978271484,-145.267,-53.027,-198.294
exploit,7.676,17.610,1.172,9.606,1.140,1.138,-16.898387908935547,-1015.33,-1015.33,-2030.65
exploit,10.245,17.227,2.836,11.275,0.094,0.029,-28.900279998779297,-1124.82,-1124.82,-2249.65
exploit,14.653,18.206,1.593,6.656,0.544,1.006,-25.218677520751953,-1011.2,-1011.2,-2022.4
exploit,3.271,18.636,3.933,12.353,1.219,1.436,-27.849990844726562,-30.626,-55.929,-86.555
exploit,2.824,18.901,2.871,11.157,1.600,2.200,-1.0948206186294556,-28.175,-51.779,-79.954
exploit,14.629,17.332,2.495,6.234,1.418,0.132,-30.844100952148438,-139.22,-49.617,-188.837
exploit,6.696,17.246,3.445,11.883,1.504,0.114,-30.46986961364746,-1013.22,-1013.22,-2026.43
exploit,13.921,17.216,1.421,7.005,0.040,0.021,-19.324941635131836,-45.035,-137.437,-182.472
exploit,11.405,17.900,3.124,5.197,0.851,0.700,-30.96698760986328,-127.492,-35.097,-162.589
exploit,16.005,17.942,2.851,5.653,0.809,0.742,-31.620468139648438,-127.535,-35.636,-163.171
exploit,4.438,18.913,4.006,12.451,0.193,0.049,-23.785358428955078,-1014.3,-1014.3,-2028.61
exploit,8.998,17.802,0.029,8.099,0.949,0.602,-21.450973510742188,-1014.27,-1014.27,-2028.54
exploit,2.767,14.247,4.622,12.001,0.068,1.448,-10.619497299194336,-38.246,-133.245,-171.491
explore,7.439,17.206,2.069,6.747,1.297,0.806,-36.819297790527344,-147.189,-52.891,-200.08
exploit,7.842,18.684,0.849,8.110,0.066,1.195,-37.24597930908203,-42.102,-133.604,-175.706
exploit,7.586,18.391,1.817,10.284,0.359,1.556,-40.0131950378418,-30.655,-48.937,-79.592
exploit,10.450,18.625,1.834,10.167,0.126,1.093,-34.553977966308594,-1018.56,-1018.56,-2037.12
exploit,2.912,17.251,2.681,10.994,2.173,0.056,-14.451765060424805,-140.628,-48.619,-189.247
exploit,7.431,18.656,2.585,11.050,0.094,1.684,-41.601219177246094,-134.113,-50.612,-184.725
exploit,13.889,17.236,2.862,5.921,0.398,0.036,-41.09601974487305,-1013.48,-1013.48,-2026.97
explore,13.539,17.544,3.016,5.338,1.206,0.344,-67.71588897705078,-1011.51,-1011.51,-2023.01
exploit,7.679,17.633,2.939,11.337,1.117,1.150,-32.94024658203125,-1023.03,-1023.03,-2046.06
exploit,7.628,17.578,2.698,11.206,1.172,1.082,-33.623592376708984,-1023.55,-1023.55,-2047.1
exploit,9.148,18.613,3.559,11.976,0.137,1.414,-40.80567169189453,-1025.79,-1025.79,-2051.58
exploit,1.704,18.626,3.996,12.420,1.600,1.820,-22.440555572509766,-30.048,-51.95,-81.998
explore,15.134,17.620,3.361,5.165,1.130,0.420,-74.51898193359375,-1015.08,-1015.08,-2030.16
exploit,6.281,17.070,1.159,9.431,0.030,0.020,-36.037654876708984,-1119.69,-1119.69,-2239.38
exploit,11.605,17.350,1.003,9.401,1.140,0.151,-42.080318450927734,-1019.62,-1019.62,-2039.24
exploit,8.546,17.195,1.244,9.377,1.671,0.194,-36.984275817871094,-1014.92,-1014.92,-2029.84
exploit,1.848,15.196,4.728,12.601,0.987,1.600,-24.9580078125,-26.623,-62.003,-88.626
exploit,13.144,18.572,3.751,4.859,0.178,1.372,-46.53144073486328,-1013.13,-1013.13,-2026.27
exploit,7.839,17.244,0.953,8.219,1.208,0.901,-36.892822265625,-166.715,-145.111,-311.826
exploit,2.712,14.017,5.517,13.086,0.941,0.124,-5.543536186218262,-139.256,-47.756,-187.012
explore,4.004,18.404,2.522,11.014,0.592,1.093,-71.7994384765625,-1021.32,-1021.32,-2042.64
exploit,7.705,18.524,0.544,8.250,0.227,1.717,-41.395389556884766,-137.722,-47.731,-185.453
exploit,12.040,18.667,1.369,9.548,0.083,1.467,-45.79132080078125,-139.712,-49.111,-188.823
exploit,15.925,18.691,4.002,4.427,0.060,0.345,-37.37607955932617,-140.706,-50.731,-191.437
exploit,2.811,14.362,4.610,12.045,0.092,0.027,-31.902494430541992,-148.998,-139.126,-288.124
exploit,8.849,17.294,0.898,8.075,0.693,0.095,-43.346435546875,-1013.57,-1013.57,-2027.13
explore,10.109,17.205,2.153,10.615,0.027,0.024,-56.64510726928711,-1012.9,-1012.9,-2025.8
explore,5.695,17.893,1.407,9.787,0.857,0.831,-62.256309509277344,-138.363,-43.635,-181.998
explore,5.548,17.406,1.864,10.327,0.780,0.367,-55.93846893310547,-134.2,-50.801,-185.001
exploit,2.807,18.909,3.492,11.962,1.600,2.218,-16.053552627563477,-28.55,-52.946,-81.496
exploit,10.055,18.943,1.358,7.725,0.280,0.720,-46.63619613647461,-1014.72,-1014.72,-2029.43
exploit,9.894,18.054,0.382,8.946,0.852,0.854,-48.52265930175781,-42.38,-55.981,-98.361
exploit,15.373,18.021,2.227,5.905,0.729,0.821,-40.62299346923828,-38.146,-133.444,-171.59
exploit,2.670,14.916,4.091,11.658,1.600,0.166,-30.111190795898438,-137.64,-48.938,-186.578
exploit,7.392,17.209,4.016,12.420,1.345,0.759,-52.42817687988281,-1016.45,-1016.45,-2032.89
exploit,8.668,17.060,1.106,8.211,1.600,0.067,-49.018775939941406,-1087.43,-1087.43,-2174.85
exploit,11.028,18.688,1.784,6.871,0.062,0.546,-52.6391716003418,-1013.74,-1013.74,-2027.48
exploit,2.686,14.163,5.381,12.878,1.600,0.149,-30.374332427978516,-146.708,-52.507,-199.215
exploit,7.638,18.647,2.055,6.564,0.103,1.790,-32.66190719604492,-143.086,-53.384,-196.47
exploit,5.263,17.242,2.568,10.909,1.026,0.050,-52.763702392578125,-146.982,-53.483,-200.465
exploit,7.749,17.493,0.744,9.163,1.166,1.044,-54.669639587402344,-1014.02,-1014.02,-2028.05
explore,9.638,17.628,2.755,5.903,1.176,0.428,-71.84153747558594,-138.009,-44.506,-182.515
exploit,2.661,15.986,4.457,12.582,0.174,1.600,-41.900726318359375,-141.775,-50.377,-192.152
exploit,7.636,17.501,1.398,7.236,1.153,1.061,-40.38160705566406,-29.121,-36.627,-65.748
exploit,9.868,17.332,2.139,6.513,1.509,0.133,-53.48552322387695,-142.903,-57.002,-199.905
exploit,9.985,17.235,3.775,4.751,1.567,0.035,-39.384525299072266,-146.016,-51.612,-197.628
exploit,13.148,17.337,3.739,4.549,1.413,0.138,-48.99468994140625,-1015.63,-1015.63,-2031.27
explore,14.709,18.187,2.037,6.330,0.564,0.987,-71.18443298339844,-127.467,-34.067,-161.534
exploit,8.692,17.102,1.982,10.048,1.814,0.043,-38.109413146972656,-1014.99,-1014.99,-2029.99
exploit,3.632,18.795,3.305,11.802,0.853,1.595,-47.31856918334961,-31.476,-54.88,-86.356
exploit,7.776,18.595,3.660,12.089,0.155,1.734,-52.18962860107422,-1017.17,-1017.17,-2034.34
explore,10.606,17.829,0.140,8.243,0.921,0.630,-71.6887435913086,-1018.46,-1018.46,-2036.92
exploit,14.513,18.639,3.194,5.299,0.113,0.588,-56.77637481689453,-145.523,-53.644,-199.167
exploit,9.553,17.227,0.630,8.563,0.087,0.032,-56.06779098510742,-1015.36,-1015.36,-2030.71
explore,10.932,17.892,2.246,6.339,0.858,0.692,-81.75631713867188,-132.898,-200,-332.898
exploit,13.936,17.274,2.758,5.830,1.476,0.074,-57.04983139038086,-1015.1,-1015.1,-2030.2
explore,12.901,18.468,0.888,7.817,0.282,1.268,-80.95339965820312,-1018.5,-1018.5,-2037
exploit,8.258,17.058,1.239,7.849,1.623,0.477,-55.400550842285156,-138.206,-47.507,-185.713
exploit,10.938,17.203,2.822,5.918,0.047,0.004,-59.17460632324219,-138.328,-50.227,-188.555
exploit,2.925,17.251,3.199,11.651,2.163,0.052,-28.164608001708984,-136.647,-47.757,-184.404
exploit,7.801,18.011,0.092,8.625,0.740,1.270,-56.80254364013672,-1018.05,-1018.05,-2036.09
exploit,3.028,18.899,2.501,10.876,1.600,1.457,-30.88583755493164,-29.113,-51.611,-80.724
exploit,2.082,15.610,4.652,12.765,1.600,0.753,-40.76011657714844,-28.005,-61.108,-89.113
explore,6.103,17.967,3.042,11.470,0.783,0.801,-80.93515014648438,-146.426,-58.227,-204.653
exploit,2.739,14.939,4.284,11.852,0.096,0.844,-40.973751068115234,-136.468,-49.171,-185.639
exploit,2.959,18.235,3.273,11.775,1.611,1.036,-48.994598388671875,-29.831,-51.931,-81.762
exploit,4.893,18.676,3.238,11.594,0.074,0.746,-55.46579360961914,-131.989,-50.788,-182.777
explore,12.831,18.590,1.406,7.305,0.160,1.390,-68.2552490234375,-1014.11,-1014.11,-2028.21
exploit,3.350,18.875,4.035,12.381,1.600,1.135,-61.83259582519531,-30.526,-54.831,-85.357
explore,3.385,18.744,3.209,11.664,1.100,1.544,-64.87191772460938,-29.129,-51.029,-80.158
exploit,13.202,17.309,1.373,7.354,0.741,0.110,-59.71815872192383,-1086.54,-1086.54,-2173.08
exploit,16.143,18.657,3.384,5.214,0.094,1.457,-58.92481231689453,-144.109,-200,-344.109
exploit,15.335,18.683,4.085,4.483,0.067,1.483,-48.66471862792969,-151.293,-200,-351.293
exploit,3.590,17.262,3.719,12.185,0.745,0.062,-59.01885223388672,-140.886,-47.886,-188.772
exploit,7.641,17.601,1.805,10.276,1.149,1.103,-56.84048843383789,-1018.6,-1018.6,-2037.2
exploit,7.488,17.086,1.197,8.963,0.853,1.247,-56.29264450073242,-135.11,-49.51,-184.62
exploit,11.403,18.598,2.570,6.060,0.153,1.291,-61.87460708618164,-1011.83,-1011.83,-2023.67
exploit,10.559,17.231,1.433,9.795,0.082,0.039,-59.52642822265625,-1016.73,-1016.73,-2033.47
exploit,10.873,17.207,1.525,9.724,0.039,0.014,-56.335479736328125,-145.774,-54.17,-199.944
exploit,9.445,18.946,1.120,8.412,0.110,0.890,-60.19322204589844,-1016.35,-1016.35,-2032.69
exploit,11.931,17.207,3.986,4.601,0.047,0.008,-58.90024948120117,-1024.33,-1024.33,-2048.66
exploit,7.775,18.609,0.890,7.914,0.142,1.746,-60.75236129760742,-138.652,-47.053,-185.705
exploit,5.758,18.657,2.431,10.877,0.096,0.437,-66.05836486816406,-1023.15,-1023.15,-2046.29
exploit,7.724,18.536,0.444,8.766,0.214,1.716,-61.89133071899414,-138.819,-47.722,-186.541
exploit,7.686,18.658,1.703,6.975,0.092,1.827,-49.69976806640625,-1109.72,-1109.72,-2219.44
exploit,10.375,18.737,1.286,9.660,0.016,1.042,-62.028358459472656,-39.782,-134.984,-174.766
exploit,7.660,18.482,1.806,10.322,0.269,1.673,-55.522056579589844,-135.706,-49.509,-185.215
exploit,7.588,18.637,2.886,11.427,0.113,1.753,-60.31055450439453,-1014.12,-1014.12,-2028.24
exploit,7.026,17.110,2.403,10.863,1.641,0.391,-63.530517578125,-1014.3,-1014.3,-2028.6
exploit,5.253,17.237,3.426,11.853,1.036,0.041,-67.21284484863281,-137.302,-51.502,-188.804
explore,15.459,18.589,3.204,5.412,0.163,1.088,-82.72577667236328,-139.56,-49.361,-188.921
exploit,7.484,18.655,3.813,12.319,0.095,1.710,-64.96760559082031,-137.573,-48.984,-186.557
exploit,10.322,18.822,2.786,10.994,0.031,0.026,-64.83084869384766,-132.465,-53.164,-185.629
exploit,15.042,17.269,1.918,6.689,0.697,0.069,-64.64723205566406,-1027.14,-1027.14,-2054.28
exploit,11.444,17.222,3.472,5.076,0.093,0.024,-64.87588500976562,-140.663,-48.462,-189.125
exploit,6.327,18.682,3.937,12.460,0.069,0.596,-58.584781646728516,-1014.27,-1014.27,-2028.54
exploit,4.906,18.636,4.045,12.576,0.116,0.639,-54.857032775878906,-130.365,-52.073,-182.438
exploit,13.450,17.231,1.186,7.683,0.091,0.035,-68.62065124511719,-141.508,-49.006,-190.514
exploit,7.142,17.078,2.081,10.232,0.508,1.593,-63.14019775390625,-1012.47,-1012.47,-2024.94
explore,10.457,18.637,1.424,7.280,0.115,0.638,-75.37950897216797,-1013.25,-1013.25,-2026.5
exploit,6.327,17.215,1.613,9.834,1.044,0.017,-63.90851974487305,-138.516,-48.411,-186.927
exploit,9.279,17.216,3.234,11.663,0.047,0.017,-64.94059753417969,-1025.77,-1025.77,-2051.53
exploit,2.170,14.050,5.493,13.119,0.665,1.600,-43.957984924316406,-27.265,-64.647,-91.912
exploit,10.699,17.483,0.475,8.851,1.267,0.283,-62.02602005004883,-30.138,-43.339,-73.477
exploit,8.918,18.853,0.825,8.916,0.933,0.117,-63.14952850341797,-1014.25,-1014.25,-2028.49
exploit,8.598,17.087,2.285,10.632,0.138,1.600,-72.6046142578125,-1014.19,-1014.19,-2028.38
exploit,7.733,18.634,1.398,9.876,0.116,1.791,-52.98405838012695,-1013.74,-1013.74,-2027.48
exploit,2.653,14.240,5.258,12.649,0.182,1.600,-47.75630187988281,-157.563,-138.875,-296.438
exploit,7.720,17.696,0.473,8.140,1.054,1.152,-68.57341003417969,-132.016,-38.717,-170.733
exploit,8.705,17.158,4.002,12.291,1.626,0.031,-62.72933578491211,-144.481,-54.382,-198.863
exploit,8.174,17.154,1.645,9.953,1.539,0.561,-69.3077163696289,-1014.44,-1014.44,-2028.88
explore,9.928,18.511,1.598,9.760,0.499,0.660,-82.1054916381836,-28.884,-45.485,-74.369
exploit,12.135,17.230,2.322,6.515,1.520,0.030,-66.36579132080078,-1014.01,-1014.01,-2028.01
exploit,13.521,18.649,2.351,6.286,0.102,0.793,-69.44169616699219,-1013.67,-1013.67,-2027.35
exploit,2.930,17.471,3.767,12.178,2.014,0.271,-51.977474212646484,-28.969,-52.963,-81.932
exploit,5.793,18.671,1.944,10.301,0.080,0.796,-65.97687530517578,-139.901,-48.91,-188.811
explore,14.469,18.254,1.304,7.244,0.496,1.054,-80.35389709472656,-1011.64,-1011.64,-2023.28
exploit,12.856,17.201,1.718,6.923,0.029,0.021,-70.8074951171875,-1021.41,-1021.41,-2042.82
explore,15.890,18.327,2.880,5.640,0.423,1.127,-84.56831359863281,-126.297,-35.7,-161.997
explore,3.933,18.707,3.703,12.153,0.554,1.507,-78.78624725341797,-31.436,-58.537,-89.973
exploit,1.970,13.922,5.475,12.834,1.600,0.865,-46.05416488647461,-27.35,-62.757,-90.107
exploit,8.417,17.109,1.195,9.237,1.710,0.318,-66.36844635009766,-1013.75,-1013.75,-2027.5
explore,9.308,17.360,0.732,8.247,1.138,0.162,-86.58494567871094,-141.422,-54.125,-195.547
exploit,8.599,17.151,1.157,7.855,1.732,0.136,-66.89347839355469,-135.559,-51.958,-187.517
exploit,8.120,17.144,4.073,12.601,0.615,1.485,-68.75404357910156,-1014.83,-1014.83,-2029.67
exploit,8.207,17.092,1.609,9.750,0.529,1.572,-68.85053253173828,-30.356,-49.975,-80.331
exploit,8.030,17.332,1.196,7.419,1.407,0.729,-66.2642822265625,-138.838,-48.54,-187.378
explore,14.271,18.248,3.692,4.620,0.502,1.049,-73.1896743774414,-1014.91,-1014.91,-2029.83
exploit,2.883,18.827,3.918,12.348,1.600,2.107,-46.2496223449707,-29.142,-52.636,-81.778
exploit,2.746,18.900,3.304,11.753,1.600,2.254,-45.7703742980957,-28.374,-50.475,-78.849
exploit,2.813,14.641,4.180,11.574,0.023,0.094,-40.3482666015625,-138.344,-52.047,-190.391
exploit,13.550,18.276,4.000,4.302,0.474,1.076,-67.08110046386719,-124.924,-36.505,-161.429
exploit,2.723,14.018,4.835,11.819,0.740,0.113,-31.745437622070312,-138.007,-48.807,-186.814
exploit,7.690,17.773,0.779,7.684,0.977,1.217,-66.37480163574219,-1015.54,-1015.54,-2031.09
exploit,1.686,14.008,5.574,13.090,1.600,1.149,-51.03900909423828,-28.084,-63.681,-91.765
explore,12.958,18.135,3.887,4.444,0.615,0.936,-86.74568939208984,-125.928,-158.134,-284.062
exploit,10.238,18.909,2.345,10.564,0.903,0.097,-68.12896728515625,-146.6,-59.8,-206.4
exploit,7.836,18.699,1.187,9.224,0.051,1.791,-57.97328186035156,-141.97,-200,-341.97
explore,12.768,17.320,1.887,6.823,0.891,0.121,-82.57048034667969,-1017.73,-1017.73,-2035.47
exploit,2.745,14.268,5.375,12.847,0.490,0.091,-44.37153625488281,-1129.13,-1129.13,-2258.26
exploit,12.235,17.225,1.758,6.992,1.525,0.025,-70.15618896484375,-1013.83,-1013.83,-2027.66
exploit,15.027,17.316,4.024,4.655,1.434,0.116,-73.23489379882812,-1013.88,-1013.88,-2027.77
exploit,8.484,17.759,0.227,8.755,1.133,0.659,-69.90355682373047,-29.758,-43.258,-73.016
explore,11.450,17.905,2.528,5.768,0.845,0.706,-81.10845947265625,-127.203,-37.6,-164.803
explore,8.322,18.630,1.535,7.091,0.378,0.723,-92.04127502441406,-141.703,-49.501,-191.204
exploit,10.999,17.428,0.466,8.849,1.322,0.228,-66.52738952636719,-1024.45,-1024.45,-2048.9
exploit,14.126,17.317,3.346,5.371,1.433,0.117,-70.91830444335938,-1014.34,-1014.34,-2028.68
exploit,15.433,17.271,3.269,5.322,1.479,0.071,-69.10768127441406,-157.088,-183.306,-340.394
explore,12.712,17.308,0.671,8.278,0.538,0.110,-80.03461456298828,-135.74,-49.761,-185.501
exploit,2.818,14.088,5.515,13.029,0.021,0.041,-33.10320281982422,-140.381,-48.082,-188.463
explore,4.467,18.529,1.783,10.239,0.222,1.086,-86.61834716796875,-137.725,-49.326,-187.051
explore,6.697,18.266,3.185,11.710,0.484,1.072,-84.10752868652344,-1019.93,-1019.93,-2039.86
explore,4.083,17.914,1.482,9.993,0.927,0.623,-84.75741577148438,-143.021,-45.62,-188.641
explore,1.605,18.711,3.841,12.269,1.600,1.948,-66.95671081542969,-29.89,-52.689,-82.579
exploit,10.558,18.627,0.574,8.115,0.125,0.688,-68.09553527832031,-30.422,-45.923,-76.345
exploit,7.586,18.612,3.287,11.751,0.138,1.731,-74.05034637451172,-150.059,-200,-350.059
exploit,6.282,17.173,3.854,12.372,0.060,0.023,-73.03782653808594,-140.903,-52.501,-193.404
exploit,12.332,18.687,3.661,5.059,0.063,1.449,-71.82291412353516,-136.024,-51.421,-187.445
exploit,7.777,17.578,2.320,6.223,1.172,1.049,-54.184165954589844,-1014.67,-1014.67,-2029.34
exploit,10.832,17.664,0.213,8.710,1.086,0.464,-73.23174285888672,-30.624,-43.442,-74.066
explore,10.262,18.799,1.489,9.466,0.927,0.073,-70.60379028320312,-137.97,-51.269,-189.239
explore,12.008,17.645,0.415,8.311,1.106,0.445,-94.91712188720703,-1015.15,-1015.15,-2030.3
exploit,12.387,17.237,2.807,5.826,0.649,0.037,-75.36175537109375,-1014.08,-1014.08,-2028.16
explore,3.488,17.844,3.216,11.662,1.347,0.644,-81.16744995117188,-32.515,-55.836,-88.351
explore,13.942,17.878,1.350,7.035,0.872,0.678,-81.66127014160156,-130.102,-37.918,-168.02
exploit,2.878,18.913,2.618,10.887,1.600,2.171,-36.030635833740234,-27.539,-47.453,-74.992
exploit,8.705,17.154,1.682,9.918,1.772,0.030,-69.74580383300781,-133.566,-51.27,-184.836
exploit,10.671,17.217,2.152,10.476,0.040,0.022,-75.47391510009766,-138.354,-48.556,-186.91
exploit,2.788,18.755,3.139,11.604,1.600,1.555,-55.409828186035156,-28.415,-49.81,-78.225
exploit,8.663,17.136,1.081,8.036,0.073,1.770,-64.5459976196289,-132.913,-50.112,-183.025
exploit,17.027,17.272,4.053,4.529,0.696,0.073,-66.56578826904297,-163.846,-200,-363.846
explore,5.792,18.501,0.865,9.041,0.249,1.409,-93.44010925292969,-157.494,-142.501,-299.995
explore,8.155,18.772,1.279,9.679,0.172,0.881,-79.93890380859375,-1016.88,-1016.88,-2033.76
exploit,9.393,18.783,2.816,11.067,0.060,0.942,-70.7403564453125,-1024.06,-1024.06,-2048.12
exploit,10.343,17.212,0.938,9.083,0.043,0.014,-72.57826232910156,-131.482,-47.778,-179.26
exploit,6.806,17.132,1.702,9.648,0.172,1.628,-71.13465118408203,-145.035,-50.737,-195.772
explore,10.341,17.318,1.092,9.332,1.432,0.119,-84.95291137695312,-143.768,-51.768,-195.536
exploit,7.716,17.613,0.538,9.067,1.137,1.119,-70.543701171875,-1020.17,-1020.17,-2040.34
exploit,13.447,17.242,0.759,7.590,0.193,0.043,-58.392723083496094,-1011.6,-1011.6,-2023.19
exploit,13.290,17.753,4.004,4.175,0.997,0.553,-61.24723815917969,-1013.47,-1013.47,-2026.95
exploit,7.724,17.056,1.555,7.389,1.089,1.011,-61.560951232910156,-156.33,-136.232,-292.562
exploit,2.672,14.433,4.546,11.701,0.164,1.591,-45.706153869628906,-137.136,-49.133,-186.269
exploit,8.929,18.812,3.194,11.676,0.944,0.107,-75.4471664428711,-1013.2,-1013.2,-2026.41
explore,8.698,18.101,2.772,5.819,0.731,0.912,-87.48274993896484,-136.26,-200,-336.26
exploit,8.343,17.103,2.404,10.714,1.697,0.392,-74.25599670410156,-35.844,-51.94,-87.784
exploit,10.404,18.647,0.571,8.363,0.105,0.590,-74.66389465332031,-1012.93,-1012.93,-2025.85
exploit,2.986,17.515,3.996,12.533,1.942,0.315,-55.080528259277344,-28.861,-52.76,-81.621
explore,9.467,17.294,2.915,11.397,0.540,0.096,-78.75457000732422,-154.622,-200,-354.622
exploit,15.967,18.565,4.027,4.308,0.185,1.366,-71.82366943359375,-41.522,-133.445,-174.967
exploit,11.486,17.238,2.930,5.781,1.512,0.038,-72.42145538330078,-1025.65,-1025.65,-2051.3
exploit,7.481,17.398,2.297,10.686,1.278,0.882,-77.17900848388672,-1017.31,-1017.31,-2034.62
exploit,16.551,18.118,3.502,4.871,0.632,0.919,-78.20855712890625,-131.956,-148.055,-280.011
exploit,3.664,18.858,3.514,11.952,1.600,0.821,-72.40892791748047,-30.575,-54.475,-85.05
exploit,14.755,17.254,4.030,4.218,0.188,0.057,-59.82966613769531,-130.436,-50.831,-181.267
exploit,15.179,18.642,2.802,5.680,0.109,1.442,-74.26250457763672,-1017.02,-1017.02,-2034.05
exploit,8.576,17.177,1.549,7.156,1.698,0.162,-72.22930908203125,-135.374,-48.071,-183.445
exploit,3.292,18.906,3.833,12.363,1.600,1.193,-69.79013061523438,-28.455,-52.761,-81.216
explore,13.260,18.037,3.791,4.691,0.713,0.837,-92.50434875488281,-125.918,-157.236,-283.154
exploit,1.556,16.172,4.384,12.591,1.600,1.279,-58.14155578613281,-29.598,-59.696,-89.294
explore,14.366,18.648,2.608,5.644,0.104,0.590,-71.99469757080078,-40.507,-134.606,-175.113
exploit,13.237,17.251,0.850,7.897,1.499,0.051,-75.52720642089844,-39.927,-133.922,-173.849
exploit,12.469,17.210,2.766,5.778,0.036,0.019,-78.3524169921875,-155.074,-137.072,-292.146
explore,10.557,18.063,3.429,5.039,0.688,0.863,-84.02261352539062,-137.589,-200,-337.589
exploit,14.016,17.231,3.460,5.225,0.087,0.036,-76.12653350830078,-1014.21,-1014.21,-2028.41
exploit,7.503,17.828,3.557,12.132,0.922,1.102,-73.4836196899414,-147.798,-55.898,-203.696
exploit,3.234,18.815,3.144,11.577,1.600,1.252,-65.59748840332031,-29.739,-52.339,-82.078
explore,1.905,17.755,3.945,12.553,1.600,1.083,-72.08900451660156,-30.497,-53.496,-83.993
exploit,6.515,17.220,1.923,10.364,0.036,0.028,-76.75322723388672,-1014.27,-1014.27,-2028.53
exploit,11.173,17.215,1.608,7.251,0.041,0.020,-76.56977081298828,-1013.26,-1013.26,-2026.52
exploit,11.107,17.719,0.399,8.941,1.031,0.519,-76.75761413574219,-29.488,-43.191,-72.679
exploit,8.658,17.137,1.834,6.852,0.078,1.768,-73.84580993652344,-139.708,-48.206,-187.914
exploit,7.424,17.152,1.684,9.811,0.789,1.311,-71.9504623413086,-31.634,-50.336,-81.97
exploit,10.589,18.689,1.052,7.562,0.062,0.898,-75.95646667480469,-1014.4,-1014.4,-2028.81
exploit,6.380,17.217,4.029,12.521,1.097,0.018,-71.14836120605469,-29.935,-46.035,-75.97
explore,10.107,18.167,0.586,9.159,0.646,0.967,-84.98147583007812,-1015.1,-1015.1,-2030.2
exploit,3.484,18.950,3.582,11.774,1.001,1.600,-68.69149780273438,-28.84,-53.028,-81.868
exploit,9.000,18.709,3.339,11.881,0.054,1.019,-73.62655639648438,-1014.11,-1014.11,-2028.21
exploit,7.702,17.601,1.285,9.659,1.149,1.127,-75.22268676757812,-29.603,-45.509,-75.112
exploit,7.587,18.622,2.116,10.607,0.128,1.739,-71.85482788085938,-1020.39,-1020.39,-2040.78
explore,10.077,17.392,0.721,8.660,1.392,0.192,-92.36886596679688,-1013.63,-1013.63,-2027.27
explore,8.222,17.390,0.944,9.341,1.390,0.566,-82.51457214355469,-143.217,-200,-343.217
exploit,1.604,14.493,5.253,12.922,1.231,1.600,-58.484928131103516,-27.628,-60.932,-88.56
exploit,11.586,18.677,2.606,5.869,0.073,1.477,-75.61438751220703,-150.602,-200,-350.602
exploit,11.327,17.214,1.685,10.002,0.044,0.016,-80.21275329589844,-1014.25,-1014.25,-2028.51
exploit,8.613,17.162,1.586,7.129,1.727,0.123,-77.11822509765625,-143.754,-51.153,-194.907
exploit,10.283,17.238,1.992,10.230,0.949,0.038,-77.2125473022461,-47.502,-140.809,-188.311
exploit,8.268,17.149,1.338,7.439,0.467,1.633,-70.86293029785156,-140.205,-47.902,-188.107
explore,6.937,18.635,3.625,12.094,0.115,1.477,-89.42265319824219,-30.048,-45.754,-75.802
exploit,4.087,17.263,4.066,12.582,0.251,0.063,-74.86490631103516,-40.495,-134.569,-175.064
exploit,7.364,17.119,3.040,11.204,1.371,0.730,-76.47430419921875,-1012.28,-1012.28,-2024.56
exploit,2.696,15.033,4.902,12.724,0.140,1.191,-57.81553268432617,-157.451,-138.759,-296.21
exploit,7.342,17.075,1.775,9.728,0.707,1.393,-68.96967315673828,-1016.38,-1016.38,-2032.77
exploit,8.596,17.181,0.888,9.021,1.702,0.142,-75.16227722167969,-155.783,-140.376,-296.159
exploit,2.744,18.871,3.816,12.226,1.600,2.236,-59.910240173339844,-28.295,-53.104,-81.399
exploit,3.160,18.942,4.107,12.515,1.325,1.600,-75.24281311035156,-29.924,-56.024,-85.948
exploit,10.294,18.894,1.110,8.898,0.042,0.959,-73.37432861328125,-1094.05,-1094.05,-2188.1
exploit,7.627,18.605,2.629,10.911,0.145,1.749,-74.62357330322266,-1025.32,-1025.32,-2050.63
exploit,7.641,17.696,1.626,10.138,1.054,1.145,-77.82453918457031,-200,-200,-400
exploit,2.963,17.272,3.929,12.214,2.122,0.075,-56.13214111328125,-39.954,-134.55,-174.504
exploit,9.001,18.729,1.817,6.750,0.040,1.019,-73.4385757446289,-140.791,-48.191,-188.982
exploit,9.633,17.248,2.280,10.592,1.541,0.048,-77.0765380859375,-1017.12,-1017.12,-2034.25
exploit,3.374,18.895,2.312,10.469,1.600,1.111,-56.12667465209961,-28.523,-49.627,-78.15
explore,10.050,18.477,3.026,5.485,0.430,0.785,-98.37063598632812,-30.66,-35.16,-65.82
exploit,13.125,17.282,3.556,5.105,0.695,0.082,-78.24334716796875,-141.769,-52.669,-194.438
exploit,8.658,17.108,1.749,6.650,1.794,0.078,-60.772003173828125,-136.015,-47.811,-183.826
exploit,7.906,17.146,2.032,6.771,0.829,1.271,-63.70249938964844,-138.232,-50.327,-188.559
exploit,10.293,18.849,2.456,10.747,0.042,0.958,-76.28158569335938,-40.831,-134.749,-175.58
explore,5.123,18.698,2.560,11.046,0.053,0.243,-86.01382446289062,-138.506,-47.509,-186.015
explore,8.958,18.281,1.830,10.369,0.475,1.082,-91.35621643066406,-1016.97,-1016.97,-2033.93
exploit,7.649,18.145,0.085,8.625,0.605,1.421,-70.8277816772461,-33.404,-128.106,-161.51
explore,6.116,17.252,3.286,11.771,0.838,0.197,-89.90626525878906,-1012.99,-1012.99,-2025.98
exploit,9.542,17.868,0.136,8.704,0.919,0.668,-76.33251953125,-31.017,-43.717,-74.734
exploit,12.222,18.062,0.014,8.375,0.688,0.862,-79.15727233886719,-38.865,-130.773,-169.638
exploit,9.884,17.276,2.605,6.007,1.557,0.076,-75.17112731933594,-141.465,-48.667,-190.132
exploit,2.779,15.926,4.523,12.676,0.061,0.185,-66.776123046875,-1017.75,-1017.75,-2035.49
explore,10.439,17.618,0.457,8.722,1.132,0.418,-87.2789306640625,-29.213,-41.604,-70.817
exploit,14.528,17.267,2.235,6.475,0.697,0.067,-78.12872314453125,-1014.78,-1014.78,-2029.56
exploit,7.782,18.639,4.060,12.548,0.111,1.768,-65.69450378417969,-1025.52,-1025.52,-2051.05
explore,7.052,18.240,1.027,7.544,0.510,1.140,-96.09751892089844,-1013.88,-1013.88,-2027.75
exploit,6.924,17.691,0.258,8.758,1.059,0.597,-76.3742904663086,-29.119,-43.821,-72.94
exploit,8.675,17.142,3.043,11.435,0.061,1.770,-77.57172393798828,-1016.42,-1016.42,-2032.83
exploit,2.529,14.059,5.528,13.123,1.600,0.306,-57.4761848449707,-27.936,-67.339,-95.275
exploit,7.685,18.590,1.045,9.368,0.160,1.773,-79.09275817871094,-1013.48,-1013.48,-2026.96
explore,5.367,17.182,3.619,11.949,0.919,0.088,-88.51473999023438,-1025.42,-1025.42,-2050.85
exploit,3.739,18.133,3.965,12.504,0.968,0.933,-79.99017333984375,-1025.34,-1025.34,-2050.69
explore,9.996,18.482,0.406,8.712,0.465,0.734,-91.22942352294922,-1014.26,-1014.26,-2028.52
exploit,3.520,18.950,3.569,11.968,1.600,0.965,-74.5527114868164,-29.645,-53.964,-83.609
exploit,2.807,18.826,3.081,11.380,1.600,2.159,-58.15772247314453,-28.758,-48.856,-77.614
exploit,9.187,17.245,1.199,7.634,0.949,0.045,-78.47372436523438,-1017.5,-1017.5,-2035
exploit,15.419,18.065,3.139,5.257,0.685,0.865,-82.57575988769531,-130.862,-200,-330.862
explore,8.792,17.230,1.363,7.531,0.098,0.053,-88.23250579833984,-137.642,-51.447,-189.089
exploit,8.987,17.605,0.305,8.703,1.146,0.405,-74.07368469238281,-1014.1,-1014.1,-2028.2
exploit,11.014,17.204,2.517,6.001,0.029,0.021,-80.50098419189453,-131.785,-51.177,-182.962
explore,8.506,18.433,1.465,7.030,0.616,0.637,-96.17457580566406,-30.104,-39.407,-69.511
exploit,4.480,17.437,2.694,11.090,1.313,0.037,-79.05280303955078,-42.085,-133.891,-175.976
exploit,8.549,17.128,2.606,6.061,0.187,1.735,-62.26034164428711,-138.38,-47.979,-186.359
exploit,10.402,17.316,0.782,8.871,0.842,0.117,-81.1346664428711,-40.536,-132.837,-173.373
exploit,6.829,18.668,4.027,12.497,0.083,1.097,-79.97079467773438,-1014.62,-1014.62,-2029.23
exploit,12.124,17.216,0.620,8.188,0.042,0.019,-70.99528503417969,-146.68,-59.264,-205.944
exploit,7.703,17.646,1.405,9.821,1.104,1.145,-79.30966186523438,-1020.29,-1020.29,-2040.59
exploit,7.692,17.604,1.289,9.676,1.146,1.138,-77.282470703125,-1017.62,-1017.62,-2035.24
exploit,11.838,17.765,0.296,8.822,0.985,0.565,-78.4559326171875,-28.711,-42.82,-71.531
exploit,2.832,14.165,5.415,13.057,0.035,0.016,-64.75255584716797,-144.403,-53.907,-198.31
exploit,7.641,18.514,0.418,8.406,0.236,1.685,-80.61329650878906,-1018,-1018,-2036.01
explore,12.099,17.355,1.330,7.446,1.395,0.156,-95.96135711669922,-1013.68,-1013.68,-2027.35
exploit,8.730,18.020,1.316,6.890,0.791,0.827,-72.71739196777344,-157.341,-137.14,-294.481
exploit,11.536,17.784,0.051,8.487,0.966,0.584,-77.62867736816406,-1016.7,-1016.7,-2033.4
exploit,12.515,17.216,3.600,4.959,0.033,0.026,-82.12958526611328,-1013.07,-1013.07,-2026.15
exploit,7.684,17.862,2.263,10.720,0.888,1.267,-79.07611083984375,-142.914,-51.916,-194.83
explore,8.464,17.354,2.326,10.814,1.493,0.339,-91.14134216308594,-28.42,-47.219,-75.639
explore,5.646,17.707,3.457,12.002,0.855,0.653,-89.99533081054688,-1026.46,-1026.46,-2052.92
exploit,13.288,17.204,2.225,6.377,0.047,0.005,-81.05717468261719,-135.741,-50.638,-186.379
exploit,14.093,17.366,3.968,4.225,1.384,0.166,-65.20118713378906,-134.23,-50.23,-184.46
exploit,7.646,17.097,1.056,8.153,1.011,1.089,-78.86808776855469,-140.05,-47.857,-187.907
exploit,2.893,17.686,3.227,11.716,1.914,0.486,-67.5283432006836,-30.999,-49.699,-80.698
exploit,8.387,17.176,2.171,10.470,1.637,0.349,-83.52792358398438,-30.013,-49.315,-79.328
exploit,2.961,17.633,3.993,12.439,1.889,0.434,-77.88002014160156,-30.735,-51.536,-82.271
explore,2.501,15.498,3.769,11.511,0.334,1.600,-62.706478118896484,-27.503,-68.4,-95.903
exploit,1.831,18.618,4.066,12.613,1.600,1.738,-64.70209503173828,-29.838,-53.836,-83.674
exploit,2.086,14.434,5.067,12.462,0.749,1.600,-65.41097259521484,-28.757,-64.048,-92.805
exploit,7.907,17.057,1.049,8.556,1.272,0.829,-77.93658447265625,-138.188,-48.389,-186.577
exploit,2.800,14.200,5.559,13.144,0.035,1.600,-41.52131652832031,-1013.41,-1013.41,-2026.81
exploit,2.780,13.897,5.228,12.622,0.055,1.099,-61.298370361328125,-1027.85,-1027.85,-2055.7
exploit,4.480,18.734,3.699,12.166,0.016,1.289,-81.64324188232422,-133.049,-49.748,-182.797
exploit,10.316,18.923,1.139,8.590,0.033,0.030,-69.34123992919922,-161.076,-137.88,-298.956
exploit,4.574,17.435,3.349,11.779,0.019,0.036,-80.51795959472656,-137.526,-48.521,-186.047
exploit,11.273,17.736,0.464,8.943,1.014,0.536,-80.41072082519531,-1014.82,-1014.82,-2029.64
exploit,7.687,18.582,1.831,10.238,0.168,1.768,-75.71635437011719,-1013.2,-1013.2,-2026.4
exploit,2.733,13.850,5.374,12.526,1.600,0.102,-62.99150848388672,-1096.61,-1096.61,-2193.21
explore,8.613,18.569,2.680,11.214,0.459,0.669,-90.3143310546875,-30.835,-65.033,-95.868
exploit,8.535,17.134,1.061,8.162,0.201,1.723,-83.3042984008789,-1090.46,-1090.46,-2180.93
exploit,1.603,13.942,5.546,12.931,1.232,1.600,-62.04766845703125,-27.207,-62.004,-89.211
exploit,12.943,18.679,3.415,5.077,0.071,0.646,-82.16717529296875,-1014.65,-1014.65,-2029.31
exploit,12.446,18.587,4.037,4.331,0.163,1.387,-79.42394256591797,-137.731,-50.83,-188.561
exploit,8.563,17.113,1.009,8.396,1.754,0.172,-80.77959442138672,-137.643,-49.143,-186.786
exploit,2.860,18.564,3.587,12.016,1.600,1.365,-71.39142608642578,-30.555,-52.856,-83.411
explore,8.785,17.426,1.212,9.489,1.347,0.232,-97.35383605957031,-1014.57,-1014.57,-2029.15
exploit,10.507,17.200,2.913,11.222,0.028,0.022,-81.51834106445312,-1025.24,-1025.24,-2050.48
exploit,10.088,17.242,0.922,9.308,0.598,0.042,-75.5653076171875,-1027.73,-1027.73,-2055.45
explore,8.027,17.702,3.900,12.344,1.052,0.898,-90.94530487060547,-1022.38,-1022.38,-2044.77
exploit,8.137,17.070,1.718,9.836,1.502,0.598,-83.82992553710938,-1014.7,-1014.7,-2029.4
exploit,6.601,17.208,4.080,12.574,0.067,0.017,-80.12747192382812,-140.948,-52.25,-193.198
exploit,12.939,18.635,3.194,5.129,0.115,1.435,-77.85872650146484,-1089.63,-1089.63,-2179.26
exploit,12.537,17.230,1.549,7.320,0.549,0.030,-83.14598083496094,-1014.28,-1014.28,-2028.57
exploit,10.787,17.793,0.013,8.586,0.957,0.593,-74.7052230834961,-1014.4,-1014.4,-2028.81
exploit,10.325,18.752,1.034,7.681,0.049,0.991,-84.4678955078125,-1012.92,-1012.92,-2025.84
exploit,3.678,18.776,2.956,11.344,0.808,1.576,-74.2791748046875,-30.885,-52.985,-83.87
exploit,10.596,17.297,2.330,10.634,0.844,0.097,-84.94392395019531,-155.78,-200,-355.78
explore,7.295,17.143,1.746,6.950,0.660,1.440,-80.61409759521484,-142.181,-51.084,-193.265
exploit,9.060,18.179,0.550,7.725,0.571,0.979,-78.84891510009766,-1013.72,-1013.72,-2027.44
exploit,8.671,17.102,1.269,9.554,1.805,0.064,-71.30545043945312,-146.958,-200,-346.958
exploit,9.956,18.949,1.852,9.972,0.379,0.621,-83.81745147705078,-148.603,-200,-348.603
exploit,12.549,17.447,2.125,6.055,1.303,0.247,-71.55085754394531,-135.028,-49.628,-184.656
explore,9.531,18.371,3.772,4.645,0.452,0.911,-101.78977966308594,-131.366,-36.077,-167.443
exploit,7.771,17.570,1.343,7.059,1.181,1.052,-68.15084838867188,-1012.2,-1012.2,-2024.4
exploit,7.163,17.122,2.389,10.743,1.572,0.529,-83.38156127929688,-1012.19,-1012.19,-2024.38
explore,7.551,18.391,3.972,12.189,0.359,1.534,-98.90826416015625,-31.109,-54.512,-85.621
exploit,11.843,18.689,0.871,9.114,0.061,0.496,-84.61570739746094,-1020.03,-1020.03,-2040.05
exploit,7.698,18.133,0.075,8.538,0.617,1.429,-80.80024719238281,-143.831,-200,-343.831
exploit,7.788,18.658,1.636,9.896,0.092,1.781,-79.3376235961914,-1021.02,-1021.02,-2042.04
explore,7.444,17.668,1.698,10.189,1.082,0.961,-93.0882339477539,-1019.97,-1019.97,-2039.94
exploit,10.778,17.544,0.477,8.877,1.206,0.344,-80.98929595947266,-29.643,-42.935,-72.578
exploit,8.100,18.809,3.941,12.380,0.935,0.115,-85.96035766601562,-1020.61,-1020.61,-2041.22
exploit,8.622,17.100,2.269,6.458,1.787,0.113,-70.70492553710938,-1018.28,-1018.28,-2036.56
explore,8.838,17.979,2.232,10.601,0.795,0.779,-91.65495300292969,-137.66,-47.168,-184.828
exploit,8.671,17.104,1.189,9.462,1.803,0.064,-79.5443115234375,-1018.66,-1018.66,-2037.32
explore,7.606,17.137,3.026,11.095,0.971,1.129,-78.7031478881836,-130.454,-200,-330.454
exploit,9.847,17.410,0.409,8.431,1.444,0.210,-77.19847106933594,-1014.27,-1014.27,-2028.55
exploit,11.567,17.214,3.472,5.290,0.035,0.023,-82.31355285644531,-138.006,-48.907,-186.913
exploit,6.704,17.052,2.019,10.223,1.600,0.069,-85.45513916015625,-144.266,-200,-344.266
exploit,2.702,14.471,4.883,12.506,0.889,0.135,-68.38836669921875,-135.744,-48.45,-184.194
exploit,15.301,18.635,3.083,5.566,0.116,0.842,-83.11985778808594,-1022.88,-1022.88,-2045.77
exploit,1.928,18.785,4.060,12.629,1.600,1.826,-66.3978500366211,-29.931,-53.33,-83.261
exploit,8.282,17.101,2.189,10.291,1.647,0.453,-80.51273345947266,-1011.84,-1011.84,-2023.68
exploit,8.657,17.167,3.353,11.820,1.740,0.080,-81.5162124633789,-1026.87,-1026.87,-2053.74
exploit,15.486,17.282,3.588,5.070,1.468,0.082,-81.60913848876953,-1016.76,-1016.76,-2033.52
exploit,9.236,17.202,1.357,9.417,0.049,0.002,-81.14048767089844,-29.838,-45.136,-74.974
exploit,8.588,17.109,2.782,11.074,1.766,0.147,-83.04106903076172,-1014.6,-1014.6,-2029.2
exploit,3.179,18.925,3.330,11.675,1.600,1.306,-72.07750701904297,-28.824,-53.323,-82.147
exploit,10.328,17.657,0.537,9.099,1.094,0.457,-75.73480987548828,-31.702,-41.401,-73.103
exploit,7.268,17.108,1.114,8.994,1.467,0.633,-84.33444213867188,-139.428,-47.928,-187.356
exploit,2.814,13.949,4.868,12.002,0.021,0.399,-63.4268798828125,-137.349,-47.948,-185.297
exploit,10.312,18.898,2.274,6.525,0.023,0.977,-75.08790588378906,-1014.13,-1014.13,-2028.27
exploit,9.477,18.931,2.043,6.962,0.143,0.858,-73.91529846191406,-141.61,-54.4,-196.01
exploit,12.916,17.218,2.062,6.674,0.036,0.026,-82.43260955810547,-1013.61,-1013.61,-2027.22
exploit,6.830,17.585,0.475,8.977,1.165,0.457,-76.6417465209961,-28.594,-45.294,-73.888
exploit,8.588,17.112,2.707,6.033,1.764,0.148,-69.78266906738281,-1026.65,-1026.65,-2053.31
exploit,9.882,17.457,0.689,7.576,1.388,0.257,-68.89657592773438,-29.507,-41.907,-71.414
explore,8.078,17.100,1.516,9.704,0.657,1.443,-84.74890899658203,-30.206,-50.412,-80.618
explore,8.891,17.963,2.429,5.989,0.800,0.763,-95.78096008300781,-130.847,-38.147,-168.994
exploit,2.687,15.070,3.862,11.455,1.140,0.150,-58.481117248535156,-138.942,-48.541,-187.483
exploit,6.178,17.111,2.666,10.982,0.893,0.108,-84.69800567626953,-41.501,-132.801,-174.302
explore,6.861,17.620,0.573,7.846,1.130,0.502,-89.55509185791016,-1013.28,-1013.28,-2026.57
exploit,1.252,15.413,4.727,12.830,1.600,1.583,-54.10380554199219,-27.491,-57.993,-85.484
exploit,11.691,18.689,1.625,9.869,0.061,0.697,-81.51605987548828,-1015.2,-1015.2,-2030.41
exploit,7.580,18.207,0.846,9.379,0.543,1.416,-83.15885925292969,-1115.01,-1115.01,-2230.03
exploit,6.545,17.260,4.063,12.451,1.490,0.061,-84.58451843261719,-141.053,-53.65,-194.703
exploit,12.031,17.266,2.581,6.110,0.998,0.066,-83.09939575195312,-1014.28,-1014.28,-2028.56
exploit,11.345,17.718,0.497,9.005,1.032,0.518,-79.37785339355469,-1013.71,-1013.71,-2027.41
exploit,15.590,18.689,4.015,4.509,0.061,0.798,-80.98013305664062,-1013.55,-1013.55,-2027.1
exploit,2.078,15.318,4.723,12.748,1.600,0.757,-72.92073059082031,-27.244,-61.444,-88.688
exploit,10.858,17.781,1.248,6.906,0.970,0.581,-77.72084045410156,-34.448,-127.539,-161.987
exploit,15.596,17.205,3.122,5.590,0.040,0.012,-84.00381469726562,-144.226,-54.825,-199.051
exploit,16.733,18.681,3.855,4.654,0.069,1.481,-85.70357513427734,-140.316,-48.317,-188.633
exploit,3.226,18.732,2.130,10.488,1.259,1.532,-59.352203369140625,-29.72,-51.912,-81.632
exploit,2.777,18.853,2.949,11.324,1.600,2.200,-62.97109603881836,-28.046,-48.45,-76.496
explore,11.354,18.077,1.818,10.300,0.673,0.877,-95.88471984863281,-144.341,-51.243,-195.584
exploit,10.357,18.289,0.883,7.115,0.461,1.090,-63.775794982910156,-29.705,-39.307,-69.012
exploit,15.825,17.948,2.930,5.376,0.802,0.748,-84.53730773925781,-128.195,-37.794,-165.989
explore,13.432,18.121,1.387,7.182,0.629,0.921,-97.63288116455078,-1105.25,-1105.25,-2210.49
exploit,2.886,18.166,3.700,12.126,1.702,0.966,-73.79733276367188,-33.121,-53.42,-86.541
exploit,3.922,18.836,3.920,12.397,0.564,1.600,-83.40399169921875,-29.161,-55.361,-84.522
exploit,14.677,17.212,4.045,4.691,0.044,0.014,-78.91950988769531,-32.634,-200,-232.634
exploit,12.790,17.287,3.349,5.185,1.463,0.087,-87.25020599365234,-158.366,-137.365,-295.731
explore,14.036,17.273,3.387,5.039,1.477,0.073,-84.61972045898438,-152.153,-200,-352.153
exploit,8.994,18.797,2.209,10.650,0.041,1.009,-84.0723876953125,-1013.14,-1013.14,-2026.28
explore,8.206,18.502,1.223,7.263,0.367,0.865,-94.74886322021484,-28.271,-38.173,-66.444
exploit,9.304,17.212,2.686,11.038,0.033,0.022,-86.01466369628906,-145.014,-51.914,-196.928
exploit,2.886,18.928,3.457,11.886,1.600,1.600,-73.83416748046875,-29.629,-52.626,-82.255
exploit,9.330,17.583,0.399,8.912,1.168,0.383,-74.66557312011719,-29.917,-44.618,-74.535
exploit,8.003,17.411,0.612,8.750,1.340,0.777,-86.24848175048828,-40.989,-132.789,-173.778
exploit,7.663,18.556,0.507,8.834,0.195,1.732,-82.44056701660156,-1018.72,-1018.72,-2037.45
exploit,7.641,18.639,1.399,7.252,0.111,1.785,-73.99932861328125,-158.203,-143.806,-302.009
explore,14.501,17.871,2.275,6.331,0.879,0.672,-97.94804382324219,-127.594,-200,-327.594
explore,15.220,17.491,2.550,5.739,1.259,0.291,-86.14894104003906,-28.93,-34.133,-63.063
exploit,7.690,18.566,3.540,12.066,0.184,1.757,-80.04945373535156,-1014.33,-1014.33,-2028.65
explore,9.999,17.949,2.087,10.426,0.889,0.749,-97.01100158691406,-143.706,-179.404,-323.11
exploit,3.049,18.821,2.789,11.150,1.600,1.436,-67.68931579589844,-28.349,-48.948,-77.297
exploit,2.900,18.100,3.096,11.459,1.713,0.900,-69.38648986816406,-32.619,-52.124,-84.743
exploit,3.595,18.792,2.697,11.097,0.891,1.592,-74.24852752685547,-28.084,-49.479,-77.563
exploit,2.931,17.697,3.971,12.434,1.877,0.497,-78.40306091308594,-29.986,-51.388,-81.374
explore,3.849,17.259,1.724,9.938,0.292,0.060,-90.04684448242188,-139.887,-51.097,-190.984
exploit,10.664,17.200,1.866,10.132,0.029,0.021,-85.47024536132812,-132.305,-52.199,-184.504
exploit,10.795,18.663,1.323,7.350,0.088,0.795,-84.37161254882812,-1012.98,-1012.98,-2025.96
explore,1.610,14.787,4.933,12.760,1.225,1.600,-77.34153747558594,-27.31,-59.411,-86.721
exploit,12.785,18.663,4.018,4.467,0.087,1.463,-86.24334716796875,-1014.08,-1014.08,-2028.16
exploit,2.881,18.651,3.506,11.988,1.600,1.451,-76.23638916015625,-29.622,-51.82,-81.442
exploit,10.954,18.662,1.275,9.569,0.090,0.439,-88.0002212524414,-143.761,-51.76,-195.521
explore,9.980,18.927,3.746,4.990,0.356,0.645,-96.01275634765625,-141.605,-148.408,-290.013
exploit,16.235,17.232,3.769,4.945,1.518,0.032,-84.25257110595703,-49.806,-142.615,-192.421
exploit,11.465,18.637,1.305,7.072,0.115,0.640,-80.25846862792969,-1013.82,-1013.82,-2027.65
exploit,1.595,13.933,5.623,12.999,1.240,1.600,-65.6683349609375,-28.826,-62.317,-91.143
exploit,8.167,17.090,1.577,9.634,0.568,1.532,-81.73223876953125,-1015.55,-1015.55,-2031.09
exploit,10.377,18.709,0.823,9.079,0.042,1.046,-83.89369201660156,-1018.6,-1018.6,-2037.21
exploit,3.380,18.841,3.676,11.861,1.105,1.600,-74.82630157470703,-31.217,-56.219,-87.436
explore,10.342,18.155,0.028,8.422,0.596,0.955,-88.42489624023438,-1012.75,-1012.75,-2025.49
exploit,2.819,15.489,3.684,11.271,0.019,0.042,-54.43536376953125,-138.721,-48.22,-186.941
explore,9.702,18.618,2.365,10.897,0.409,0.659,-93.09114074707031,-28.368,-47.987,-76.355
exploit,10.623,17.524,0.418,8.836,1.226,0.324,-78.41485595703125,-29.9,-42.599,-72.499
explore,13.232,17.674,0.545,8.123,1.076,0.474,-103.58656311035156,-1014,-1014,-2027.99
explore,5.052,17.824,1.779,10.325,0.926,0.477,-93.03630065917969,-1122.61,-1122.61,-2245.23
exploit,9.063,17.206,1.390,7.529,0.028,0.023,-86.38153839111328,-139.309,-47.81,-187.119
exploit,6.227,17.055,2.994,11.365,0.943,0.058,-84.25835418701172,-141.695,-54.09,-195.785
exploit,3.706,18.547,3.939,12.474,0.805,1.347,-84.97335815429688,-30.775,-53.177,-83.952
exploit,8.446,17.112,2.103,10.448,1.716,0.289,-84.3748550415039,-1016.42,-1016.42,-2032.85
exploit,14.803,17.203,2.524,6.239,0.033,0.018,-85.6977310180664,-1017.68,-1017.68,-2035.36
exploit,3.146,18.872,3.964,12.333,1.600,1.340,-81.58540344238281,-29.695,-53.8,-83.495
exploit,8.407,17.133,3.075,5.665,0.328,1.685,-65.2826919555664,-35.301,-150.3,-185.601
exploit,2.891,18.099,3.353,11.822,1.722,0.899,-73.64942932128906,-32.025,-50.217,-82.242
explore,8.575,18.224,2.150,6.271,0.699,0.829,-98.11297607421875,-141.122,-200,-341.122
exploit,9.360,18.741,3.550,11.919,0.064,0.977,-86.08895874023438,-134.995,-51.392,-186.387
explore,6.690,17.550,2.746,11.287,1.200,0.366,-91.328857421875,-31.618,-53.118,-84.736
explore,7.979,17.923,2.967,11.538,0.828,1.081,-89.16779327392578,-166.905,-139.005,-305.91
exploit,13.278,17.507,2.548,5.615,1.243,0.307,-71.89128112792969,-34.24,-40.025,-74.265
exploit,14.383,18.666,3.526,5.023,0.084,1.466,-86.62822723388672,-1017,-1017,-2034
exploit,3.549,18.835,3.867,12.308,0.937,1.600,-78.68769073486328,-30.77,-55.77,-86.54
exploit,7.674,18.610,2.342,10.753,0.141,1.781,-81.38774871826172,-1102.57,-1102.57,-2205.13
exploit,11.462,18.658,0.496,8.745,0.095,0.388,-81.92242431640625,-1024.46,-1024.46,-2048.92
exploit,2.615,14.505,4.527,11.711,1.600,0.220,-57.5409049987793,-139.726,-50.12,-189.846
exploit,8.431,17.578,0.494,8.861,1.272,0.526,-84.43856048583984,-28.78,-43.881,-72.661
explore,9.185,17.930,3.711,4.697,0.820,0.730,-94.03400421142578,-141.86,-200,-341.86
exploit,3.439,18.881,3.830,12.311,1.046,1.600,-81.33981323242188,-29.486,-53.808,-83.294
explore,5.245,17.796,1.981,10.432,0.954,0.543,-97.84986877441406,-151.614,-200,-351.614
exploit,10.804,18.629,2.787,5.800,0.123,0.840,-88.47480773925781,-40.08,-53.673,-93.753
exploit,9.916,17.969,2.485,11.027,0.911,0.769,-85.9210205078125,-1136.73,-1136.73,-2273.46
explore,8.556,18.589,1.111,7.620,0.505,0.608,-100.16829681396484,-28.492,-40.289,-68.781
exploit,7.748,17.628,0.256,8.606,1.122,1.097,-83.83680725097656,-1017.54,-1017.54,-2035.08
exploit,3.946,18.948,3.839,12.276,0.539,1.600,-87.15711975097656,-30.875,-58.481,-89.356
exploit,8.569,17.168,0.714,8.354,1.704,0.167,-86.79634094238281,-1012.73,-1012.73,-2025.45
exploit,13.729,17.275,3.242,5.434,0.897,0.075,-85.156982421875,-142.05,-54.056,-196.106
exploit,14.536,17.269,2.798,5.688,1.481,0.069,-83.81170654296875,-1016.67,-1016.67,-2033.34
exploit,4.042,18.711,4.049,12.580,0.445,1.511,-85.96540832519531,-31.253,-57.847,-89.1
explore,7.676,17.105,2.420,6.183,1.041,1.059,-79.37158966064453,-136.208,-49.006,-185.214
exploit,11.884,17.224,0.913,8.983,0.800,0.024,-84.986083984375,-1016.47,-1016.47,-2032.95
explore,4.678,17.972,1.945,10.368,0.778,0.522,-97.75194549560547,-142.598,-47.497,-190.095
exploit,7.691,18.625,0.702,8.153,0.126,1.803,-83.04296112060547,-139.512,-47.812,-187.324
exploit,2.926,17.484,3.991,12.570,2.008,0.285,-65.41241455078125,-31.627,-54.328,-85.955
exploit,8.062,17.111,2.873,5.929,1.427,0.673,-63.57904052734375,-140.106,-51.411,-191.517
explore,5.181,18.350,0.557,8.880,0.400,1.005,-101.79815673828125,-1013.98,-1013.98,-2027.95
exploit,12.821,18.657,0.891,7.787,0.094,0.643,-85.66022491455078,-1025.5,-1025.5,-2051
explore,9.769,17.234,1.303,7.314,0.091,0.038,-94.18082427978516,-146.667,-61.064,-207.731
exploit,12.903,17.565,0.406,8.841,1.185,0.366,-77.46151733398438,-29.858,-43.252,-73.11
explore,7.711,17.633,3.466,11.911,1.117,1.132,-89.19725036621094,-1026,-1026,-2052
exploit,11.836,17.615,0.652,9.144,1.135,0.415,-81.91423034667969,-29.317,-44.213,-73.53
exploit,16.684,17.264,3.965,4.670,1.486,0.064,-86.42359924316406,-153.862,-200,-353.862
explore,9.939,17.976,0.712,7.782,0.893,0.776,-97.3336410522461,-155.496,-132.987,-288.483
exploit,7.490,17.467,0.887,9.187,1.284,0.912,-88.73714447021484,-1013.9,-1013.9,-2027.81
exploit,1.352,14.059,5.590,13.112,1.483,1.600,-64.5624008178711,-27.879,-67.485,-95.364
explore,10.954,17.603,3.622,4.938,1.147,0.404,-98.15785217285156,-157.99,-142.198,-300.188
exploit,2.392,14.308,5.512,13.143,1.600,0.443,-72.28912353515625,-28.701,-67.01,-95.711
exploit,6.653,17.465,0.471,8.905,1.285,0.273,-74.63871002197266,-28.61,-43.907,-72.517
explore,7.796,18.539,0.956,7.694,0.212,1.677,-88.26069641113281,-1016.02,-1016.02,-2032.05
exploit,9.066,17.639,0.470,8.961,1.111,0.439,-77.49989318847656,-29.528,-44.73,-74.258
exploit,13.979,18.698,4.040,4.278,0.052,0.497,-77.35862731933594,-29.817,-45.72,-75.537
exploit,3.790,18.707,4.008,12.437,0.697,1.507,-86.07154846191406,-30.344,-54.744,-85.088
exploit,11.580,17.205,1.634,9.881,0.045,0.007,-87.71387481689453,-1013.42,-1013.42,-2026.84
exploit,10.475,17.207,1.444,9.717,0.041,0.012,-85.16613006591797,-148.004,-200,-348.004
exploit,11.049,17.207,1.184,9.448,0.037,0.015,-82.84342956542969,-143.964,-50.768,-194.732
exploit,4.703,17.575,4.007,12.543,1.176,0.126,-83.2905502319336,-133.642,-51.152,-184.794
explore,9.652,18.172,3.373,5.163,0.684,0.972,-86.45274353027344,-1015.06,-1015.06,-2030.13
explore,9.161,18.531,3.648,12.129,0.220,1.332,-95.16970825195312,-1018.49,-1018.49,-2036.98
exploit,12.553,17.413,2.460,5.728,1.337,0.214,-74.90185546875,-134.61,-51.301,-185.911
exploit,2.924,18.202,2.597,11.144,1.654,1.002,-69.04208374023438,-30.937,-51.437,-82.374
explore,5.984,17.572,4.004,12.158,0.816,0.511,-99.03582763671875,-1022.61,-1022.61,-2045.22
exploit,2.826,14.219,4.541,11.528,0.032,0.021,-55.945518493652344,-1085.35,-1085.35,-2170.7
exploit,8.636,17.151,0.948,7.966,1.746,0.099,-83.8485107421875,-40.391,-53.594,-93.985
exploit,13.118,18.058,1.049,7.312,0.692,0.858,-86.76052856445312,-1014.85,-1014.85,-2029.7
exploit,12.643,17.282,2.203,6.540,0.896,0.083,-87.36697387695312,-1013.82,-1013.82,-2027.64
exploit,11.450,17.996,1.112,9.680,0.754,0.796,-85.62660217285156,-140.606,-49.607,-190.213
exploit,14.574,17.206,1.790,6.789,0.040,0.013,-86.1153793334961,-131.761,-53.749,-185.51
exploit,2.929,18.192,4.004,12.488,1.653,0.992,-78.64866638183594,-36.014,-54.729,-90.743
exploit,10.286,18.795,2.829,11.214,0.049,0.951,-84.99398040771484,-146.762,-52.361,-199.123
explore,7.868,17.933,1.863,10.173,0.817,1.168,-96.13591766357422,-148.596,-200,-348.596
exploit,7.688,18.578,2.358,10.788,0.172,1.766,-87.07282257080078,-1013.22,-1013.22,-2026.44
exploit,12.693,17.727,0.480,8.904,1.023,0.527,-85.45426940917969,-1016.06,-1016.06,-2032.12
exploit,11.688,17.245,1.076,7.824,0.749,0.045,-84.61121368408203,-1014.13,-1014.13,-2028.26
exploit,14.892,17.201,3.977,4.672,0.043,0.007,-87.19413757324219,-1017.51,-1017.51,-2035.01
exploit,3.531,18.896,4.049,12.490,0.954,1.600,-79.19525909423828,-29.242,-54.64,-83.882
exploit,1.967,15.547,4.694,12.813,1.600,0.868,-74.19012451171875,-27.892,-60.792,-88.684
exploit,8.496,17.107,2.281,10.499,1.736,0.239,-85.44096374511719,-1014.05,-1014.05,-2028.1
exploit,8.051,17.352,0.578,8.820,1.403,0.713,-84.08680725097656,-1014.22,-1014.22,-2028.44
exploit,10.090,17.612,0.623,9.121,1.176,0.412,-79.78019714355469,-30.456,-40.644,-71.1
exploit,11.226,18.679,0.686,8.003,0.071,0.595,-84.3326644897461,-1016.16,-1016.16,-2032.31
exploit,7.706,17.906,1.485,10.036,0.844,1.277,-85.15022277832031,-139.785,-50.985,-190.77
exploit,2.800,18.888,3.450,11.643,1.600,2.209,-63.328956604003906,-28.867,-52.763,-81.63
exploit,7.720,17.585,0.879,7.570,1.165,1.104,-77.8956298828125,-1012.84,-1012.84,-2025.69
exploit,9.069,18.699,1.349,9.744,0.053,1.089,-87.5133056640625,-1013.76,-1013.76,-2027.53
exploit,3.393,18.834,2.707,11.174,1.093,1.600,-74.03654479980469,-29.487,-50.892,-80.379
exploit,9.512,17.205,1.236,9.329,0.028,0.023,-85.94337463378906,-130.102,-49.407,-179.509
exploit,7.696,18.144,0.463,7.920,0.606,1.438,-82.2369384765625,-1018.6,-1018.6,-2037.2
exploit,10.772,17.205,2.259,10.564,0.037,0.014,-86.98859405517578,-138.433,-51.726,-190.159
exploit,2.762,18.819,3.027,11.515,1.600,2.187,-67.58922576904297,-28.262,-48.764,-77.026
exploit,12.881,17.488,0.465,8.687,1.262,0.288,-86.62712097167969,-28.397,-42.997,-71.394
exploit,8.672,17.106,2.848,5.706,1.802,0.063,-70.89527130126953,-141.723,-48.022,-189.745
exploit,8.820,17.233,2.434,10.880,1.532,0.036,-85.01593017578125,-1013.3,-1013.3,-2026.6
exploit,12.417,17.479,0.495,8.854,1.271,0.280,-78.41897583007812,-28.076,-41.976,-70.052
exploit,11.821,17.662,0.559,8.909,1.088,0.462,-87.82488250732422,-1015.33,-1015.33,-2030.67
exploit,8.871,18.089,0.851,7.206,0.681,0.889,-74.06570434570312,-135.608,-200,-335.608
exploit,8.108,18.937,2.383,10.270,0.124,0.927,-70.94110107421875,-1026.64,-1026.64,-2053.28
exploit,9.030,18.737,4.024,12.529,0.013,1.047,-80.81112670898438,-1014.45,-1014.45,-2028.89
explore,9.754,18.133,0.399,8.701,0.775,0.933,-109.049560546875,-1012.99,-1012.99,-2025.97
exploit,2.841,18.938,1.749,10.146,1.600,2.215,-7.294879913330078,-25.803,-49.106,-74.909
exploit,11.776,17.677,0.686,9.150,1.073,0.478,-86.00570678710938,-28.702,-43.402,-72.104
explore,9.752,17.287,1.225,9.555,0.491,0.089,-92.36528778076172,-1013.71,-1013.71,-2027.42
exploit,1.480,18.649,4.053,12.514,1.600,1.984,-69.60308837890625,-30.666,-52.267,-82.933
exploit,10.302,18.752,2.515,10.836,0.058,0.969,-90.45475769042969,-149.003,-58.794,-207.797
exploit,13.428,18.680,2.819,5.827,0.070,0.746,-85.87893676757812,-1013.6,-1013.6,-2027.19
exploit,8.405,18.929,1.624,9.587,0.420,0.631,-82.51087188720703,-1016.58,-1016.58,-2033.17
exploit,2.572,14.192,5.142,12.315,0.263,1.600,-71.42343139648438,-29.909,-65.726,-95.635
exploit,2.830,14.050,5.220,12.578,0.005,0.250,-77.6976318359375,-143.201,-47.9,-191.101
exploit,2.929,18.919,2.608,11.032,1.600,1.556,-68.80774688720703,-27.503,-52.105,-79.608
exploit,11.107,17.219,2.051,6.500,0.034,0.029,-88.73133850097656,-135.654,-49.247,-184.901
exploit,2.848,18.683,3.243,11.663,1.600,1.483,-75.92721557617188,-29.092,-50.386,-79.478
exploit,6.589,17.211,3.462,11.836,1.539,0.012,-88.87387084960938,-41.795,-132.395,-174.19
exploit,7.724,18.533,1.775,10.256,0.217,1.713,-86.11124420166016,-1014.21,-1014.21,-2028.42
exploit,7.486,18.684,3.082,11.610,0.066,1.736,-83.85260009765625,-1014.58,-1014.58,-2029.17
exploit,8.902,17.530,0.647,9.035,1.227,0.330,-81.9779052734375,-28.928,-42.808,-71.736
exploit,14.538,17.246,2.460,6.305,0.799,0.046,-86.3489990234375,-1026.65,-1026.65,-2053.3
exploit,9.845,17.610,0.695,9.006,1.261,0.410,-87.66714477539062,-29.463,-43.365,-72.828
explore,9.576,17.955,0.324,8.834,0.846,0.755,-92.60868835449219,-1016.67,-1016.67,-2033.34
exploit,10.974,17.285,3.018,5.646,0.694,0.086,-88.26582336425781,-140.503,-48.802,-189.305
exploit,5.305,17.181,4.041,12.450,0.981,0.037,-85.62820434570312,-140.619,-54.209,-194.828
exploit,12.142,17.354,0.716,7.740,1.396,0.154,-81.2304458618164,-141.907,-50.202,-192.109
exploit,11.788,17.525,0.693,8.977,1.225,0.325,-85.7674560546875,-1013.07,-1013.07,-2026.15
exploit,2.657,14.448,4.219,11.183,0.178,1.600,-34.03813934326172,-140.179,-54.098,-194.277
exploit,7.689,18.266,1.526,10.066,0.484,1.529,-87.1358871459961,-34.441,-47.036,-81.477
exploit,8.660,17.482,0.488,8.785,1.322,0.332,-81.70874786376953,-28.919,-42.521,-71.44
exploit,10.200,17.674,0.567,8.945,1.092,0.474,-86.26216125488281,-29.914,-42.313,-72.227
exploit,1.952,14.624,4.835,12.063,1.600,0.884,-47.10784149169922,-28.671,-61.971,-90.642
exploit,2.854,18.891,2.825,11.154,1.600,2.172,-66.33338928222656,-28.347,-49.849,-78.196
explore,11.761,18.571,1.496,7.152,0.180,1.338,-96.95526885986328,-29.665,-45.063,-74.728
exploit,8.705,17.166,1.058,7.747,1.618,0.034,-87.37565612792969,-142.469,-200,-342.469
exploit,12.321,17.655,0.588,9.010,1.095,0.455,-82.5389175415039,-1014.85,-1014.85,-2029.7
exploit,3.686,18.931,3.496,11.969,0.800,1.600,-81.66065979003906,-30.718,-57.314,-88.032
exploit,3.979,18.828,4.041,12.556,0.506,1.600,-83.8821792602539,-29.923,-56.325,-86.248
exploit,12.720,18.010,2.953,5.403,0.740,0.811,-89.26083374023438,-125.478,-34.478,-159.956
exploit,6.691,17.183,3.025,11.408,1.567,0.065,-86.87954711914062,-1012.97,-1012.97,-2025.94
explore,8.616,18.213,1.069,7.262,0.681,0.907,-93.27345275878906,-1013.31,-1013.31,-2026.62
exploit,2.788,18.849,3.705,12.236,1.600,2.189,-69.76827239990234,-29.191,-53.287,-82.478
exploit,11.041,17.330,0.728,8.952,1.420,0.130,-82.88351440429688,-1014.49,-1014.49,-2028.97
exploit,16.493,18.016,3.970,4.083,0.734,0.816,-67.62825012207031,-129.032,-37.739,-166.771
exploit,10.715,17.652,0.659,9.005,1.098,0.452,-88.27378845214844,-28.869,-42.57,-71.439
exploit,9.669,17.387,0.591,8.921,1.416,0.188,-78.41273498535156,-140.339,-55.367,-195.706
exploit,10.274,17.590,0.690,9.095,1.166,0.390,-83.18524169921875,-31.063,-43.351,-74.414
exploit,12.738,17.673,0.628,9.021,1.077,0.473,-85.25448608398438,-33.864,-43.866,-77.73
exploit,1.822,13.909,5.622,13.066,1.600,1.013,-72.86785125732422,-27.812,-63.304,-91.116
exploit,6.453,17.638,0.664,9.134,1.112,0.439,-80.05122375488281,-1019.72,-1019.72,-2039.44
exploit,9.830,17.776,0.699,9.146,1.116,0.576,-84.80941772460938,-31.227,-45.526,-76.753
exploit,10.525,18.666,1.419,7.203,0.084,1.198,-85.86245727539062,-1015.24,-1015.24,-2030.48
exploit,3.678,18.452,3.985,12.517,0.860,1.252,-86.00970458984375,-31.975,-53.381,-85.356
exploit,11.733,18.695,3.469,5.158,0.055,1.495,-85.87744140625,-1012.75,-1012.75,-2025.5
exploit,2.923,18.270,3.373,11.934,1.634,1.070,-76.23497009277344,-34.264,-52.762,-87.026
exploit,13.941,18.652,1.247,7.306,0.099,1.452,-88.51905822753906,-38.479,-137.88,-176.359
exploit,7.680,18.293,1.289,9.743,0.457,1.547,-88.14836120605469,-1018.05,-1018.05,-2036.1
exploit,7.782,18.654,2.681,11.054,0.096,1.780,-84.88062286376953,-140.784,-53.184,-193.968
explore,15.473,17.707,3.538,5.012,1.043,0.507,-94.92958068847656,-41.232,-132.93,-174.162
exploit,8.666,17.145,2.021,10.177,0.069,1.764,-81.21125793457031,-1014.03,-1014.03,-2028.06
exploit,9.576,17.771,0.847,9.308,1.021,0.571,-87.84976959228516,-30.932,-44.53,-75.462
explore,9.980,17.622,0.901,9.343,1.199,0.422,-88.40058135986328,-29.838,-43.639,-73.477
exploit,4.930,17.357,3.533,12.024,0.046,0.009,-84.35372161865234,-138.011,-49.803,-187.814
exploit,2.905,17.968,2.802,11.352,1.763,0.768,-72.1034927368164,-32.527,-54.526,-87.053
exploit,10.439,17.662,0.735,9.088,1.088,0.462,-86.38782501220703,-30.391,-44.675,-75.066
exploit,9.243,17.806,0.663,9.191,0.944,0.606,-81.84811401367188,-1020.09,-1020.09,-2040.18
explore,16.116,17.505,3.973,4.488,1.246,0.305,-97.79727172851562,-130.902,-36.49,-167.392
exploit,3.658,18.926,2.809,10.849,0.827,1.600,-68.58134460449219,-29.966,-52.065,-82.031
exploit,7.736,18.537,3.809,12.248,0.213,1.709,-88.40715026855469,-1013.46,-1013.46,-2026.92
exploit,13.886,17.238,4.026,4.661,1.512,0.038,-83.08375549316406,-29.901,-45.792,-75.693
exploit,8.706,17.151,2.512,10.801,1.775,0.029,-84.4292221069336,-1014.75,-1014.75,-2029.51
exploit,10.647,17.653,0.553,8.869,1.097,0.453,-87.33721923828125,-29.534,-43.149,-72.683
exploit,8.702,17.148,1.560,7.253,0.033,1.776,-79.52386474609375,-39.524,-133.006,-172.53
explore,11.426,18.394,0.353,8.683,0.356,1.194,-98.99174499511719,-29.521,-42.315,-71.836
exploit,9.561,17.708,0.276,8.783,1.078,0.509,-78.39164733886719,-29.682,-43.177,-72.859
exploit,14.880,17.664,2.512,5.605,1.086,0.464,-76.15211486816406,-1013.8,-1013.8,-2027.6
exploit,10.371,17.603,0.651,9.013,1.147,0.403,-83.71052551269531,-29.844,-40.434,-70.278
exploit,15.240,17.418,3.998,4.070,1.332,0.218,-65.73243713378906,-43.984,-134.285,-178.269
exploit,5.325,17.213,2.719,11.036,0.962,0.075,-88.16773986816406,-39.976,-56.968,-96.944
exploit,6.265,17.103,2.319,10.529,0.980,0.020,-86.54592895507812,-1013.6,-1013.6,-2027.21
exploit,11.901,17.667,0.972,9.373,1.083,0.468,-87.75032806396484,-30.345,-41.645,-71.99
explore,8.336,18.020,1.922,10.107,0.832,0.958,-97.51148986816406,-163.018,-139.021,-302.039
