type,wx,wy,d1,d2,d3,d4,E_reward,roberto_reward,marvin_reward,reward
exploit,21.735,17.550,0.288,8.635,0.350,1.200,-103.52783203125,-27.921,-37.718,-65.639
exploit,21.885,17.550,0.254,8.726,0.350,1.200,-104.98779296875,-27.995,-40.896,-68.891
exploit,22.035,17.550,0.284,8.770,0.350,1.200,-104.48583984375,-29.741,-38.259,-68
exploit,21.985,17.550,0.424,8.690,0.350,1.200,-101.64111328125,-26.167,-38.067,-64.234
exploit,21.785,17.550,0.403,8.667,0.350,1.200,-100.43505859375,-29.608,-36.991,-66.599
exploit,21.985,17.550,0.292,8.706,0.350,1.200,-100.63330078125,-28.267,-37.558,-65.825
exploit,21.985,17.550,0.456,8.702,0.350,1.200,-105.2802734375,-29.091,-40.982,-70.073
exploit,21.685,17.550,0.349,8.649,0.350,1.200,-99.419921875,-26.871,-39.068,-65.939
exploit,21.785,17.550,0.445,8.653,0.350,1.200,-105.80126953125,-28.975,-37.775,-66.75
exploit,22.335,17.600,0.811,8.968,0.320,0.680,-87.552734375,-1015.27,-1015.27,-2030.53
exploit,21.935,17.550,0.398,8.696,0.350,1.200,-99.462890625,-27.433,-36.933,-64.366
exploit,21.835,17.550,0.400,8.708,0.350,1.200,-99.68359375,-28.539,-38.038,-66.577
exploit,21.785,17.550,0.362,8.736,0.350,1.200,-99.3515625,-28.34,-37.742,-66.082
exploit,22.085,17.550,0.343,8.803,0.350,1.200,-105.705078125,-27.996,-37.197,-65.193
exploit,21.885,17.550,0.453,8.704,0.350,1.200,-104.94091796875,-1014.99,-1014.99,-2029.98
exploit,21.835,17.600,0.436,8.672,0.400,1.150,-115.26220703125,-1015.78,-1015.78,-2031.56
exploit,22.035,17.550,0.320,8.740,0.350,1.200,-100.18603515625,-25.642,-37.744,-63.386
exploit,21.985,17.550,0.291,8.760,0.350,1.200,-103.21044921875,-26.661,-40.958,-67.619
exploit,21.885,17.550,0.401,8.698,0.350,1.200,-99.6748046875,-1013.64,-1013.64,-2027.27
exploit,21.935,17.550,0.353,8.700,0.350,1.200,-98.06298828125,-25.85,-37.552,-63.402
exploit,21.885,17.550,0.319,8.769,0.350,1.200,-102.37451171875,-28.039,-37.74,-65.779
exploit,21.785,17.550,0.379,8.686,0.350,1.200,-98.580078125,-29.345,-37.143,-66.488
exploit,21.885,17.550,0.371,8.778,0.350,1.200,-102.91845703125,-30.39,-38.893,-69.283
exploit,21.885,17.550,0.378,8.666,0.350,1.200,-99.052734375,-27.826,-37.53,-65.356
exploit,21.885,17.550,0.384,8.599,0.350,1.200,-105.8125,-28.824,-37.828,-66.652
exploit,21.785,17.550,0.286,8.705,0.350,1.200,-101.17138671875,-29.541,-38.64,-68.181
exploit,21.985,17.550,0.295,8.738,0.350,1.200,-101.4794921875,-27.72,-36.62,-64.34
exploit,21.985,17.550,0.358,8.717,0.350,1.200,-98.4501953125,-27.241,-40.539,-67.78
exploit,21.885,17.550,0.388,8.673,0.350,1.200,-99.2568359375,-26.445,-37.847,-64.292
exploit,21.885,17.550,0.310,8.713,0.350,1.200,-99.53515625,-26.507,-40.797,-67.304
exploit,21.935,17.550,0.449,8.654,0.350,1.200,-106.306640625,-30.789,-37.305,-68.094
exploit,22.335,17.600,0.857,8.908,0.320,0.680,-68.61181640625,-29.007,-46.804,-75.811
exploit,21.985,17.600,0.490,8.694,0.400,1.150,-116.142578125,-1015.16,-1015.16,-2030.33
exploit,21.885,17.550,0.426,8.713,0.350,1.200,-101.8857421875,-27.766,-37.376,-65.142
exploit,21.885,17.550,0.292,8.702,0.350,1.200,-100.64990234375,-27.46,-41.353,-68.813
exploit,21.835,17.550,0.373,8.568,0.350,1.200,-110.56640625,-1014.83,-1014.83,-2029.66
exploit,21.835,17.550,0.311,8.662,0.350,1.200,-99.916015625,-28.536,-37.233,-65.769
exploit,22.085,17.550,0.322,8.754,0.350,1.200,-101.0859375,-26.475,-38.192,-64.667
exploit,21.835,17.550,0.305,8.707,0.350,1.200,-99.74755859375,-31.424,-38.325,-69.749
exploit,20.035,17.550,0.418,8.639,0.350,1.200,-103.72802734375,-33.288,-40.19,-73.478
exploit,21.985,17.600,0.437,8.720,0.400,1.150,-114.93115234375,-1015.47,-1015.47,-2030.95
exploit,21.785,17.550,0.264,8.651,0.350,1.200,-104.91552734375,-26.043,-38.438,-64.481
exploit,22.335,17.600,0.792,9.051,0.320,0.680,-106.521484375,-1013.21,-1013.21,-2026.43
exploit,21.935,17.550,0.342,8.644,0.350,1.200,-99.8017578125,-25.572,-40.874,-66.446
exploit,21.935,17.550,0.406,8.654,0.350,1.200,-101.36328125,-28.205,-40.611,-68.816
exploit,21.885,17.550,0.384,8.732,0.350,1.200,-99.6796875,-28.607,-40.211,-68.818
exploit,21.835,17.550,0.449,8.680,0.350,1.200,-104.8984375,-26.6,-39.098,-65.698
exploit,21.935,17.550,0.341,8.725,0.350,1.200,-98.8134765625,-25.761,-40.661,-66.422
exploit,22.335,17.600,0.854,8.927,0.320,0.680,-70.25048828125,-29.057,-38.751,-67.808
exploit,21.885,17.550,0.340,8.721,0.350,1.200,-98.67138671875,-25.295,-39.899,-65.194
exploit,21.935,17.550,0.313,8.688,0.350,1.200,-99.1416015625,-28.053,-37.954,-66.007
exploit,21.985,17.550,0.291,8.773,0.350,1.200,-104.2373046875,-27.158,-40.558,-67.716
exploit,22.335,17.600,0.743,8.955,0.320,0.680,-111.179931640625,-27.636,-40.835,-68.471
exploit,21.835,17.550,0.355,8.640,0.350,1.200,-100.0595703125,-26.27,-36.569,-62.839
exploit,21.785,17.550,0.349,8.691,0.350,1.200,-98.03515625,-25.872,-40.272,-66.144
exploit,21.985,17.550,0.316,8.707,0.350,1.200,-99.0869140625,-26.039,-38.238,-64.277
exploit,21.685,17.550,0.376,8.746,0.350,1.200,-100.2744140625,-28.431,-38.231,-66.662
exploit,21.885,17.550,0.386,8.714,0.350,1.200,-99.072265625,-26.001,-39,-65.001
exploit,22.085,17.550,0.509,8.687,0.350,1.200,-114.78955078125,-26.612,-37.222,-63.834
exploit,21.885,17.550,0.293,8.705,0.350,1.200,-100.52197265625,-27.588,-38.07,-65.658
exploit,21.935,17.600,0.460,8.673,0.400,1.150,-115.65673828125,-29.819,-39.025,-68.844
exploit,21.885,17.550,0.456,8.658,0.350,1.200,-107.03759765625,-29.056,-39.564,-68.62
exploit,21.785,17.550,0.348,8.599,0.350,1.200,-104.6640625,-27.313,-37.213,-64.526
exploit,21.885,17.550,0.425,8.628,0.350,1.200,-105.609375,-29.273,-40.079,-69.352
exploit,21.935,17.550,0.438,8.690,0.350,1.200,-103.19140625,-26.567,-40.567,-67.134
exploit,21.985,17.550,0.291,8.691,0.350,1.200,-100.65966796875,-29.782,-40.285,-70.067
exploit,21.685,17.550,0.331,8.573,0.350,1.200,-109.0029296875,-1015.13,-1015.13,-2030.27
exploit,21.835,17.550,0.413,8.685,0.350,1.200,-100.72021484375,-29.134,-37.541,-66.675
exploit,21.985,17.550,0.484,8.689,0.350,1.200,-109.962890625,-25.75,-37.549,-63.299
exploit,21.835,17.550,0.258,8.554,0.350,1.200,-118.3408203125,-1015.71,-1015.71,-2031.41
exploit,21.885,17.550,0.291,8.756,0.350,1.200,-102.88623046875,-28.089,-37.487,-65.576
exploit,21.985,17.550,0.455,8.685,0.350,1.200,-105.44921875,-25.917,-41.217,-67.134
exploit,21.935,17.550,0.271,8.677,0.350,1.200,-102.90673828125,-26.933,-36.916,-63.849
exploit,21.885,17.550,0.504,8.735,0.350,1.200,-113.11669921875,-26.913,-37.512,-64.425
exploit,22.335,17.600,0.851,9.083,0.320,0.680,-92.375732421875,-1015.95,-1015.95,-2031.9
exploit,22.185,17.550,0.242,8.746,0.350,1.200,-107.2431640625,-28.729,-37.511,-66.24
exploit,21.785,17.550,0.398,8.714,0.350,1.200,-99.69091796875,-26.712,-40.521,-67.233
exploit,22.185,17.550,0.375,8.789,0.350,1.200,-104.3134765625,-26.562,-39.963,-66.525
exploit,21.785,17.550,0.439,8.601,0.350,1.200,-111.3173828125,-30.974,-37.786,-68.76
exploit,21.785,17.550,0.451,8.728,0.350,1.200,-105.0966796875,-29.936,-37.335,-67.271
exploit,21.885,17.550,0.412,8.632,0.350,1.200,-103.79248046875,-27.792,-38.392,-66.184
exploit,22.035,17.550,0.302,8.765,0.350,1.200,-102.8388671875,-27.77,-40.568,-68.338
exploit,21.885,17.550,0.430,8.639,0.350,1.200,-105.13330078125,-28.866,-39.866,-68.732
exploit,21.985,17.550,0.332,8.697,0.350,1.200,-98.34912109375,-26.909,-37.043,-63.952
exploit,21.635,17.550,0.276,8.728,0.350,1.200,-102.595703125,-28.684,-39.286,-67.97
exploit,21.935,17.550,0.375,8.749,0.350,1.200,-100.42138671875,-26.504,-40.41,-66.914
exploit,21.835,17.550,0.331,8.664,0.350,1.200,-98.9306640625,-27.984,-37.268,-65.252
exploit,21.935,17.550,0.349,8.773,0.350,1.200,-102.23876953125,-27.549,-38.456,-66.005
exploit,22.035,17.550,0.405,8.640,0.350,1.200,-102.36181640625,-26.548,-37.947,-64.495
exploit,21.935,17.550,0.306,8.708,0.350,1.200,-99.68896484375,-27.764,-37.965,-65.729
exploit,21.735,17.550,0.384,8.738,0.350,1.200,-99.98193359375,-28.812,-39.412,-68.224
exploit,22.135,17.550,0.336,8.695,0.350,1.200,-98.2333984375,-26.612,-40.011,-66.623
exploit,21.935,17.550,0.445,8.699,0.350,1.200,-103.8876953125,-27.033,-38.138,-65.171
exploit,21.935,17.550,0.371,8.676,0.350,1.200,-98.4970703125,-26.435,-37.829,-64.264
exploit,21.885,17.550,0.249,8.761,0.350,1.200,-107.18798828125,-27.558,-37.857,-65.415
exploit,21.885,17.550,0.363,8.669,0.350,1.200,-98.5302734375,-26.813,-37.805,-64.618
exploit,21.885,17.550,0.339,8.711,0.350,1.200,-98.40185546875,-26.749,-41.049,-67.798
exploit,21.885,17.550,0.298,8.680,0.350,1.200,-100.27490234375,-29.147,-37.748,-66.895
exploit,22.285,17.550,0.872,9.095,0.320,0.461,-91.2933349609375,-30.277,-39.576,-69.853
exploit,21.985,17.550,0.330,8.713,0.350,1.200,-98.6689453125,-26.721,-39.123,-65.844
=========================================================================================
exploit,21.935,17.550,0.335,8.696,0.350,1.200,-98.24609375,-27.777,-40.569,-68.346
exploit,21.935,17.550,0.267,8.722,0.350,1.200,-103.35791015625,-26.771,-42.771,-69.542
exploit,21.885,17.550,0.248,8.759,0.350,1.200,-107.205078125,-29.258,-37.856,-67.114
exploit,21.935,17.550,0.365,8.763,0.350,1.200,-101.328125,-26.217,-37.718,-63.935
exploit,21.935,17.550,0.438,8.652,0.350,1.200,-104.9375,-25.312,-39.918,-65.23
exploit,21.935,17.550,0.420,8.664,0.350,1.200,-102.1318359375,-28.911,-37.215,-66.126
exploit,22.085,17.550,0.379,8.681,0.350,1.200,-98.66259765625,-27.626,-37.725,-65.351
exploit,21.885,17.550,0.419,8.675,0.350,1.200,-101.533203125,-1014.86,-1014.86,-2029.72
exploit,21.935,17.550,0.302,8.709,0.350,1.200,-99.978515625,-29.276,-39.164,-68.44
exploit,21.935,17.550,0.461,8.682,0.350,1.200,-106.5,-1015.6,-1015.6,-2031.21
exploit,21.985,17.600,0.510,8.662,0.400,1.150,-119.6162109375,-27.158,-38.155,-65.313
exploit,21.785,17.550,0.357,8.664,0.350,1.200,-98.63232421875,-30.624,-37.525,-68.149
exploit,19.835,17.550,0.414,8.643,0.350,1.200,-102.91845703125,-32.963,-40.15,-73.113
exploit,21.685,17.550,0.396,8.654,0.350,1.200,-100.66796875,-29.643,-41.151,-70.794
exploit,22.085,17.550,0.284,8.772,0.350,1.200,-104.60791015625,-28.78,-37.781,-66.561
exploit,22.085,17.550,0.332,8.738,0.350,1.200,-99.64111328125,-28.091,-37.398,-65.489
exploit,21.935,17.550,0.465,8.649,0.350,1.200,-109.29833984375,-27.038,-39.829,-66.867
exploit,21.935,17.550,0.408,8.670,0.350,1.200,-100.6923828125,-28.01,-41.214,-69.224
exploit,21.835,17.550,0.435,8.675,0.350,1.200,-103.2666015625,-28.025,-41.325,-69.35
exploit,21.785,17.550,0.347,8.682,0.350,1.200,-98.1240234375,-27.554,-37.555,-65.109
exploit,21.985,17.550,0.342,8.666,0.350,1.200,-98.62158203125,-27.141,-39.839,-66.98
exploit,21.885,17.550,0.358,8.676,0.350,1.200,-98.2578125,-28.282,-38.88,-67.162
exploit,22.035,17.550,0.487,8.629,0.350,1.200,-115.6015625,-27.232,-41.626,-68.858
exploit,21.985,17.550,0.410,8.697,0.350,1.200,-100.33544921875,-27.166,-36.966,-64.132
exploit,21.885,17.550,0.414,8.701,0.350,1.200,-100.6875,-28.695,-37.196,-65.891
exploit,22.035,17.550,0.314,8.731,0.350,1.200,-99.9951171875,-25.219,-41.522,-66.741
exploit,21.935,17.550,0.290,8.710,0.350,1.200,-100.904296875,-26.572,-42.08,-68.652
exploit,21.985,17.550,0.285,8.705,0.350,1.200,-101.28759765625,-29.511,-39.411,-68.922
exploit,21.935,17.550,0.291,8.750,0.350,1.200,-102.42529296875,-29.824,-37.531,-67.355
exploit,21.885,17.550,0.423,8.672,0.350,1.200,-102.00732421875,-25.908,-40.51,-66.418
exploit,21.785,17.550,0.344,8.701,0.350,1.200,-98.1220703125,-26.82,-37.32,-64.14
exploit,21.835,17.550,0.326,8.705,0.350,1.200,-98.61328125,-26.918,-39.488,-66.406
exploit,22.035,17.550,0.288,8.764,0.350,1.200,-103.6767578125,-29.259,-38.863,-68.122
exploit,22.035,17.550,0.278,8.725,0.350,1.200,-102.3642578125,-25.714,-37.013,-62.727
exploit,21.535,17.550,0.388,8.668,0.350,1.200,-99.4345703125,-27.724,-40.723,-68.447
exploit,21.985,17.550,0.264,8.691,0.350,1.200,-103.47900390625,-28.939,-37.047,-65.986
exploit,21.885,17.550,0.322,8.731,0.350,1.200,-99.587890625,-26.441,-37.746,-64.187
exploit,22.035,17.550,0.414,8.664,0.350,1.200,-101.484375,-28.997,-38.893,-67.89
exploit,22.035,17.550,0.376,8.646,0.350,1.200,-100.14599609375,-26.571,-38.078,-64.649
exploit,22.085,17.550,0.428,8.644,0.350,1.200,-104.37451171875,-26.647,-40.65,-67.297
exploit,21.935,17.550,0.312,8.743,0.350,1.200,-100.7275390625,-28.297,-37.995,-66.292
exploit,21.885,17.550,0.386,8.681,0.350,1.200,-98.951171875,-26.805,-38.509,-65.314
exploit,21.935,17.550,0.381,8.669,0.350,1.200,-99.0966796875,-29.334,-36.941,-66.275
exploit,21.685,17.550,0.415,8.632,0.350,1.200,-104.080078125,-28.724,-38.624,-67.348
exploit,21.885,17.550,0.402,8.699,0.350,1.200,-99.720703125,-27.601,-40.094,-67.695
exploit,21.935,17.550,0.367,8.695,0.350,1.200,-98.1796875,-26.981,-38.182,-65.163
exploit,21.835,17.550,0.329,8.697,0.350,1.200,-98.41796875,-29.675,-37.076,-66.751
exploit,21.985,17.550,0.285,8.807,0.350,1.200,-108.162109375,-26.738,-38.139,-64.877
exploit,21.935,17.550,0.368,8.712,0.350,1.200,-98.4169921875,-27.722,-37.737,-65.459
exploit,22.135,17.600,0.543,8.674,0.400,1.150,-122.14404296875,-28.326,-43.526,-71.852
exploit,21.735,17.550,0.404,8.703,0.350,1.200,-99.87939453125,-27.896,-37.689,-65.585
exploit,21.785,17.550,0.376,8.672,0.350,1.200,-98.77392578125,-28.567,-37.662,-66.229
exploit,21.785,17.550,0.306,8.660,0.350,1.200,-100.32421875,-27.734,-38.933,-66.667
exploit,21.735,17.550,0.390,8.656,0.350,1.200,-100.16064453125,-26.567,-40.168,-66.735
exploit,21.635,17.550,0.385,8.661,0.350,1.200,-99.615234375,-30.439,-39.048,-69.487
exploit,21.735,17.550,0.468,8.665,0.350,1.200,-108.45166015625,-27.515,-41.213,-68.728
exploit,21.935,17.550,0.373,8.675,0.350,1.200,-98.5791015625,-26.649,-41.162,-67.811
exploit,21.885,17.550,0.307,8.690,0.350,1.200,-99.47265625,-28.714,-37.617,-66.331
exploit,21.885,17.550,0.326,8.693,0.350,1.200,-98.5283203125,-25.935,-37.129,-63.064
exploit,21.935,17.550,0.457,8.649,0.350,1.200,-107.916015625,-25.482,-41.58,-67.062
exploit,21.885,17.550,0.472,8.697,0.350,1.200,-107.7685546875,-28.368,-37.883,-66.251
exploit,21.885,17.550,0.320,8.734,0.350,1.200,-99.84765625,-29.72,-37.735,-67.455
exploit,22.135,17.550,0.461,8.613,0.350,1.200,-112.8896484375,-1015.49,-1015.49,-2030.98
exploit,21.985,17.550,0.337,8.739,0.350,1.200,-99.63525390625,-26.975,-37.59,-64.565
exploit,21.885,17.550,0.341,8.697,0.350,1.200,-98.11865234375,-26.965,-38.762,-65.727
exploit,21.685,17.550,0.418,8.656,0.350,1.200,-102.392578125,-30.264,-38.047,-68.311
exploit,21.885,17.550,0.349,8.670,0.350,1.200,-98.400390625,-27.418,-37.318,-64.736
exploit,21.885,17.550,0.307,8.686,0.350,1.200,-99.56005859375,-27.105,-38.911,-66.016
exploit,21.785,17.550,0.388,8.657,0.350,1.200,-99.98193359375,-28.064,-40.485,-68.549
exploit,21.885,17.550,0.377,8.677,0.350,1.200,-98.6826171875,-30.268,-37.577,-67.845
exploit,21.935,17.550,0.311,8.721,0.350,1.200,-99.7333984375,-30.481,-37.881,-68.362
exploit,21.935,17.550,0.348,8.717,0.350,1.200,-98.421875,-26.5,-37.703,-64.203
exploit,21.935,17.550,0.387,8.708,0.350,1.200,-98.96435546875,-25.649,-39.647,-65.296
exploit,21.935,17.550,0.374,8.700,0.350,1.200,-98.38671875,-30.123,-39.524,-69.647
exploit,21.785,17.550,0.380,8.706,0.350,1.200,-98.642578125,-27.783,-40.382,-68.165
exploit,21.785,17.550,0.393,8.680,0.350,1.200,-99.32080078125,-29.645,-37.743,-67.388
exploit,21.835,17.550,0.274,8.717,0.350,1.200,-102.52197265625,-26.594,-39.594,-66.188
exploit,21.935,17.550,0.474,8.748,0.350,1.200,-108.9130859375,-25.714,-40.508,-66.222
exploit,21.935,17.550,0.409,8.694,0.350,1.200,-100.23876953125,-30.39,-39.686,-70.076
exploit,21.785,17.550,0.457,8.672,0.350,1.200,-106.32861328125,-27.239,-37.74,-64.979
exploit,21.735,17.550,0.305,8.683,0.350,1.200,-99.6748046875,-1015.68,-1015.68,-2031.36
exploit,21.935,17.550,0.446,8.640,0.350,1.200,-107.16796875,-25.135,-38.435,-63.57
exploit,21.885,17.550,0.307,8.670,0.350,1.200,-99.8818359375,-26.254,-36.954,-63.208
exploit,21.885,17.550,0.382,8.690,0.350,1.200,-98.64697265625,-26.602,-40.102,-66.704
exploit,21.985,17.550,0.359,8.703,0.350,1.200,-98.119140625,-29.342,-39.842,-69.184
exploit,21.835,17.550,0.377,8.693,0.350,1.200,-98.4453125,-29.804,-37.209,-67.013
exploit,21.935,17.550,0.278,8.723,0.350,1.200,-102.28955078125,-26.765,-37.449,-64.214
exploit,21.785,17.550,0.336,8.692,0.350,1.200,-98.2255859375,-26.655,-37.256,-63.911
exploit,21.985,17.550,0.281,8.777,0.350,1.200,-105.32763671875,-25.845,-36.95,-62.795
exploit,21.935,17.550,0.269,8.758,0.350,1.200,-104.80419921875,-26.791,-40.088,-66.879
exploit,22.235,17.550,0.266,8.795,0.350,1.200,-108.25634765625,-26.762,-38.065,-64.827
exploit,21.985,17.550,0.274,8.682,0.350,1.200,-102.478515625,-25.852,-37.05,-62.902
exploit,21.885,17.550,0.435,8.658,0.350,1.200,-104.19140625,-30.547,-43.447,-73.994
exploit,21.885,17.550,0.397,8.653,0.350,1.200,-100.7919921875,-28.9,-40.703,-69.603
exploit,21.935,17.550,0.339,8.706,0.350,1.200,-98.2783203125,-27.332,-39.446,-66.778
exploit,21.935,17.550,0.320,8.712,0.350,1.200,-98.98583984375,-28.937,-38.236,-67.173
exploit,22.035,17.550,0.285,8.765,0.350,1.200,-103.94189453125,-26.924,-38.625,-65.549
exploit,21.885,17.550,0.388,8.678,0.350,1.200,-99.1162109375,-27.826,-38.513,-66.339
exploit,21.935,17.550,0.441,8.632,0.350,1.200,-107.27783203125,-27.129,-38.135,-65.264
====================================================================================
exploit,21.485,17.550,0.367,8.636,0.350,1.200,-100.62841796875,-31.824,-41.019,-72.843
exploit,21.685,17.550,0.393,8.687,0.350,1.200,-99.208984375,-30.617,-41.11,-71.727
exploit,21.985,17.550,0.396,8.656,0.350,1.200,-100.5146484375,-29.434,-40.841,-70.275
exploit,22.185,17.550,0.262,8.737,0.350,1.200,-104.46484375,-29.945,-42.345,-72.29
exploit,21.985,17.550,0.295,8.709,0.350,1.200,-100.4677734375,-28.368,-40.865,-69.233
exploit,22.035,17.550,0.379,8.705,0.350,1.200,-98.59765625,-31.934,-41.535,-73.469
exploit,22.085,17.550,0.254,8.743,0.350,1.200,-105.587890625,-30.562,-40.862,-71.424
exploit,21.935,17.550,0.478,8.663,0.350,1.200,-110.27880859375,-30.385,-43.984,-74.369
exploit,21.885,17.550,0.285,8.717,0.350,1.200,-101.43359375,-31.573,-40.574,-72.147
exploit,21.835,17.550,0.375,8.682,0.350,1.200,-98.48974609375,-1016.36,-1016.36,-2032.71
exploit,21.985,17.550,0.419,8.659,0.350,1.200,-102.275390625,-27.906,-40.605,-68.511
exploit,21.985,17.550,0.367,8.720,0.350,1.200,-98.64111328125,-30.199,-40.499,-70.698
exploit,21.835,17.550,0.412,8.705,0.350,1.200,-100.5322265625,-30.077,-41.98,-72.057
exploit,21.935,17.550,0.487,8.650,0.350,1.200,-113.20947265625,-31.166,-41.26,-72.426
exploit,21.835,17.550,0.337,8.688,0.350,1.200,-98.2001953125,-27.922,-43.622,-71.544
exploit,21.885,17.550,0.386,8.692,0.350,1.200,-98.79052734375,-28.515,-42.512,-71.027
exploit,21.935,17.550,0.474,8.682,0.350,1.200,-108.537109375,-29.467,-42.765,-72.232
exploit,21.685,17.550,0.354,8.703,0.350,1.200,-98.09228515625,-31.903,-41.404,-73.307
exploit,21.735,17.550,0.335,8.719,0.350,1.200,-98.69775390625,-30.804,-42.3,-73.104
exploit,21.785,17.550,0.389,8.695,0.350,1.200,-98.9423828125,-30.631,-41.631,-72.262
exploit,21.835,17.550,0.421,8.680,0.350,1.200,-101.60302734375,-31.573,-43.972,-75.545
exploit,21.985,17.550,0.445,8.659,0.350,1.200,-105.345703125,-28.702,-42.31,-71.012
exploit,21.885,17.550,0.391,8.661,0.350,1.200,-99.95263671875,-30.457,-43.848,-74.305
exploit,22.085,17.550,0.294,8.712,0.350,1.200,-100.58203125,-28.052,-43.344,-71.396
exploit,21.985,17.550,0.432,8.644,0.350,1.200,-104.88623046875,-27.788,-46.187,-73.975
exploit,21.835,17.550,0.352,8.708,0.350,1.200,-98.1796875,-31.241,-41.243,-72.484
exploit,21.785,17.550,0.373,8.643,0.350,1.200,-100.240234375,-32.239,-42.036,-74.275
exploit,21.935,17.550,0.300,8.719,0.350,1.200,-100.337890625,-32.289,-41.287,-73.576
exploit,22.035,17.550,0.351,8.732,0.350,1.200,-99.064453125,-31.86,-41.669,-73.529
exploit,21.785,17.550,0.322,8.723,0.350,1.200,-99.28125,-29.914,-40.792,-70.706
exploit,21.935,17.550,0.441,8.684,0.350,1.200,-103.64208984375,-28.553,-41.252,-69.805
exploit,21.735,17.550,0.411,8.672,0.350,1.200,-100.8974609375,-31.104,-42.095,-73.199
exploit,21.785,17.550,0.327,8.726,0.350,1.200,-99.2177734375,-29.097,-42.9,-71.997
exploit,21.885,17.550,0.441,8.654,0.350,1.200,-105.17919921875,-29.782,-41.073,-70.855
exploit,21.985,17.550,0.487,8.695,0.350,1.200,-110.3310546875,-31.635,-42.353,-73.988
exploit,22.085,17.600,0.508,8.707,0.400,1.150,-116.998046875,-29.136,-42.737,-71.873
exploit,22.085,17.550,0.339,8.732,0.350,1.200,-99.166015625,-31.642,-41.645,-73.287
exploit,21.885,17.550,0.383,8.691,0.350,1.200,-98.7001953125,-27.483,-40.561,-68.044
exploit,21.935,17.550,0.383,8.695,0.350,1.200,-98.654296875,-32.555,-41.055,-73.61
exploit,21.685,17.550,0.425,8.703,0.350,1.200,-101.685546875,-31.164,-41.164,-72.328
exploit,21.935,17.550,0.446,8.650,0.350,1.200,-106.2412109375,-30.885,-41.989,-72.874
exploit,21.985,17.550,0.277,8.760,0.350,1.200,-104.2587890625,-29.038,-41.147,-70.185
exploit,21.835,17.550,0.437,8.705,0.350,1.200,-102.91015625,-29.686,-41.17,-70.856
exploit,21.835,17.550,0.323,8.694,0.350,1.200,-98.6572265625,-29.565,-44.069,-73.634
exploit,21.985,17.550,0.356,8.678,0.350,1.200,-98.18994140625,-30.338,-41.137,-71.475
exploit,21.885,17.550,0.323,8.712,0.350,1.200,-98.869140625,-32.748,-43.748,-76.496
exploit,22.185,17.550,0.323,8.729,0.350,1.200,-99.4814453125,-28.202,-41.621,-69.823
exploit,21.735,17.550,0.422,8.655,0.350,1.200,-102.822265625,-29.704,-41.702,-71.406
exploit,21.935,17.550,0.331,8.741,0.350,1.200,-99.892578125,-30.642,-43.34,-73.982
exploit,21.835,17.600,0.526,8.557,0.400,1.150,-141.4951171875,-1017.12,-1017.12,-2034.25
exploit,21.935,17.550,0.419,8.706,0.350,1.200,-101.1474609375,-30.567,-40.267,-70.834
exploit,21.835,17.550,0.428,8.657,0.350,1.200,-103.427734375,-28.921,-41.121,-70.042
exploit,21.785,17.550,0.365,8.693,0.350,1.200,-98.1396484375,-28.643,-42.337,-70.98
exploit,21.885,17.550,0.425,8.658,0.350,1.200,-102.96630859375,-30.188,-43.487,-73.675
exploit,22.085,17.550,0.351,8.711,0.350,1.200,-98.259765625,-29.189,-41.389,-70.578
exploit,21.885,17.550,0.380,8.692,0.350,1.200,-98.5673828125,-29.271,-40.077,-69.348
exploit,21.985,17.550,0.441,8.656,0.350,1.200,-105.0751953125,-27.593,-43.197,-70.79
exploit,21.885,17.550,0.372,8.675,0.350,1.200,-98.55615234375,-29.361,-42.158,-71.519
exploit,21.785,17.550,0.346,8.710,0.350,1.200,-98.2685546875,-29.139,-42.14,-71.279
exploit,22.035,17.550,0.280,8.768,0.350,1.200,-104.63427734375,-27.539,-41.419,-68.958
exploit,21.985,17.550,0.339,8.711,0.350,1.200,-98.36083984375,-27.503,-40.702,-68.205
exploit,21.935,17.550,0.415,8.693,0.350,1.200,-100.740234375,-27.111,-40.51,-67.621
exploit,22.035,17.600,0.552,8.667,0.400,1.150,-124.05615234375,-29.04,-41.24,-70.28
exploit,21.885,17.550,0.468,8.610,0.350,1.200,-114.6796875,-31.802,-41.517,-73.319
exploit,21.985,17.550,0.270,8.779,0.350,1.200,-106.38623046875,-29.782,-41.58,-71.362
exploit,21.885,17.550,0.304,8.681,0.350,1.200,-99.8125,-31.295,-42.992,-74.287
exploit,22.135,17.550,0.314,8.743,0.350,1.200,-100.64892578125,-32.146,-41.347,-73.493
exploit,21.835,17.550,0.375,8.681,0.350,1.200,-98.5078125,-32.221,-41.539,-73.76
exploit,22.035,17.600,0.502,8.663,0.400,1.150,-118.7783203125,-28.595,-45.294,-73.889
exploit,21.885,17.550,0.481,8.635,0.350,1.200,-113.71923828125,-27.971,-43.571,-71.542
exploit,21.885,17.550,0.256,8.774,0.350,1.200,-107.33740234375,-33.929,-42.019,-75.948
exploit,21.935,17.550,0.381,8.701,0.350,1.200,-98.6328125,-28.352,-43.352,-71.704
exploit,21.935,17.550,0.313,8.746,0.350,1.200,-100.86376953125,-31.507,-40.507,-72.014
exploit,21.885,17.550,0.396,8.683,0.350,1.200,-99.48681640625,-1016.59,-1016.59,-2033.18
exploit,22.135,17.550,0.312,8.709,0.350,1.200,-99.3251953125,-31.317,-40.632,-71.949
exploit,21.985,17.550,0.287,8.775,0.350,1.200,-104.6591796875,-29.739,-42.219,-71.958
exploit,22.085,17.550,0.305,8.759,0.350,1.200,-102.24365234375,-29.857,-40.357,-70.214
exploit,21.785,17.550,0.357,8.682,0.350,1.200,-98.12890625,-28.534,-39.91,-68.444
exploit,21.685,17.550,0.364,8.716,0.350,1.200,-98.47802734375,-31.016,-41.315,-72.331
exploit,21.985,17.600,0.499,8.673,0.400,1.150,-117.7099609375,-29.709,-41.108,-70.817
exploit,21.935,17.550,0.338,8.727,0.350,1.200,-98.9736328125,-33.412,-41.714,-75.126
exploit,21.985,17.550,0.367,8.663,0.350,1.200,-98.85302734375,-29.817,-40.017,-69.834
exploit,21.785,17.550,0.442,8.641,0.350,1.200,-106.451171875,-28.26,-40.459,-68.719
exploit,21.935,17.550,0.331,8.727,0.350,1.200,-99.130859375,-28.081,-43.58,-71.661
exploit,22.085,17.550,0.282,8.750,0.350,1.200,-103.18359375,-26.899,-42.099,-68.998
exploit,21.985,17.550,0.370,8.681,0.350,1.200,-98.361328125,-30.165,-40.964,-71.129
exploit,22.035,17.550,0.445,8.583,0.350,1.200,-115.48193359375,-28.735,-43.739,-72.474
exploit,22.085,17.550,0.310,8.728,0.350,1.200,-100.06884765625,-30.018,-44.415,-74.433
exploit,22.135,17.550,0.323,8.743,0.350,1.200,-100.26611328125,-29.057,-51.957,-81.014
exploit,21.935,17.550,0.281,8.721,0.350,1.200,-101.91796875,-28.322,-44.031,-72.353
exploit,21.885,17.550,0.382,8.679,0.350,1.200,-98.8037109375,-30.128,-40.827,-70.955
exploit,22.085,17.550,0.358,8.708,0.350,1.200,-98.18994140625,-30.311,-40.815,-71.126
exploit,21.985,17.550,0.418,8.674,0.350,1.200,-101.41748046875,-32.435,-41.437,-73.872
exploit,21.835,17.550,0.459,8.691,0.350,1.200,-105.97509765625,-28.92,-44.82,-73.74
exploit,21.885,17.550,0.443,8.649,0.350,1.200,-105.92626953125,-29.142,-41.735,-70.877
exploit,21.785,17.550,0.406,8.649,0.350,1.200,-101.73095703125,-30.9,-44.299,-75.199
exploit,21.935,17.550,0.342,8.681,0.350,1.200,-98.19775390625,-27.756,-43.456,-71.212
exploit,21.785,17.550,0.279,8.707,0.350,1.200,-101.83837890625,-28.59,-40.096,-68.686
exploit,22.035,17.600,0.566,8.702,0.400,1.150,-122.8486328125,-28.37,-43.871,-72.241
exploit,21.985,17.550,0.288,8.721,0.350,1.200,-101.341796875,-29.95,-40.742,-70.692
exploit,21.785,17.550,0.477,8.642,0.350,1.200,-112.1376953125,-28.44,-40.541,-68.981
exploit,21.935,17.550,0.338,8.742,0.350,1.200,-99.75146484375,-32.939,-41.742,-74.681
exploit,21.935,17.550,0.405,8.671,0.350,1.200,-100.44140625,-1016.65,-1016.65,-2033.29
exploit,21.785,17.550,0.447,8.638,0.350,1.200,-107.4033203125,-30.709,-40.609,-71.318
exploit,21.985,17.550,0.339,8.668,0.350,1.200,-98.58447265625,-30.254,-40.149,-70.403
exploit,21.785,17.550,0.334,8.700,0.350,1.200,-98.3017578125,-30.035,-43.626,-73.661
exploit,22.035,17.600,0.520,8.655,0.400,1.150,-121.3232421875,-32.305,-41.004,-73.309
exploit,21.885,17.550,0.297,8.757,0.350,1.200,-102.56787109375,-30.318,-41.817,-72.135
exploit,21.935,17.550,0.502,8.696,0.350,1.200,-112.9423828125,-30.039,-40.339,-70.378
exploit,22.035,17.550,0.313,8.726,0.350,1.200,-99.783203125,-30.608,-42.008,-72.616
exploit,21.985,17.550,0.342,8.686,0.350,1.200,-98.13623046875,-27.806,-41.098,-68.904
exploit,21.735,17.550,0.429,8.676,0.350,1.200,-102.53759765625,-33.251,-40.654,-73.905
exploit,20.785,17.550,0.348,8.684,0.350,1.200,-98.09521484375,-34.34,-41.235,-75.575
exploit,21.985,17.550,0.299,8.760,0.350,1.200,-102.60693359375,-27.741,-40.357,-68.098
exploit,21.985,17.550,0.430,8.701,0.350,1.200,-102.1826171875,-27.713,-42.612,-70.325
exploit,21.785,17.550,0.408,8.667,0.350,1.200,-100.88818359375,-29.657,-42.457,-72.114
exploit,21.885,17.550,0.363,8.718,0.350,1.200,-98.51904296875,-30.973,-41.168,-72.141
exploit,21.885,17.550,0.485,8.644,0.350,1.200,-113.4189453125,-29.631,-40.531,-70.162
exploit,21.985,17.550,0.473,8.497,0.350,1.200,-144.9111328125,-28.834,-41.75,-70.584
exploit,22.085,17.550,0.477,8.693,0.350,1.200,-108.6650390625,-30.175,-41.374,-71.549
exploit,22.035,17.550,0.341,8.732,0.350,1.200,-99.15625,-29.955,-41.051,-71.006
exploit,21.985,17.550,0.343,8.758,0.350,1.200,-100.84912109375,-30.345,-41.563,-71.908
exploit,21.885,17.550,0.357,8.753,0.350,1.200,-100.44384765625,-29.06,-41.252,-70.312
exploit,21.985,17.550,0.414,8.663,0.350,1.200,-101.58056640625,-31.069,-40.971,-72.04
exploit,21.985,17.550,0.289,8.751,0.350,1.200,-102.72021484375,-27.773,-40.457,-68.23
exploit,21.885,17.550,0.433,8.717,0.350,1.200,-102.7373046875,-30.653,-40.426,-71.079
exploit,21.885,17.550,0.354,8.700,0.350,1.200,-98.05322265625,-29.495,-42.992,-72.487
exploit,21.885,17.550,0.409,8.672,0.350,1.200,-100.7451171875,-31.09,-40.291,-71.381
exploit,21.835,17.550,0.369,8.697,0.350,1.200,-98.2177734375,-29.365,-41.767,-71.132
exploit,21.985,17.550,0.313,8.741,0.350,1.200,-100.564453125,-31.515,-41.914,-73.429
exploit,21.835,17.550,0.379,8.708,0.350,1.200,-98.6591796875,-30.649,-43.048,-73.697
exploit,22.035,17.600,0.510,8.674,0.400,1.150,-118.6455078125,-29.808,-43.415,-73.223
exploit,21.885,17.550,0.354,8.669,0.350,1.200,-98.44384765625,-29.431,-42.832,-72.263
exploit,22.185,17.550,0.306,8.776,0.350,1.200,-103.62939453125,-32.277,-41.781,-74.058
exploit,21.985,17.550,0.481,8.633,0.350,1.200,-113.8359375,-27.346,-43.647,-70.993
exploit,21.835,17.550,0.321,8.690,0.350,1.200,-98.7177734375,-32.293,-43.293,-75.586
exploit,21.835,17.550,0.383,8.695,0.350,1.200,-98.697265625,-30.621,-40.62,-71.241
exploit,21.785,17.550,0.302,8.707,0.350,1.200,-99.9384765625,-29.481,-40.582,-70.063
exploit,21.985,17.550,0.487,8.652,0.350,1.200,-112.896484375,-27.871,-40.072,-67.943
exploit,21.785,17.550,0.360,8.688,0.350,1.200,-98.0810546875,-29.257,-41.653,-70.91
exploit,22.035,17.550,0.335,8.730,0.350,1.200,-99.1826171875,-28.097,-40.583,-68.68
exploit,21.985,17.550,0.261,8.732,0.350,1.200,-104.31396484375,-27.759,-40.861,-68.62
exploit,21.885,17.550,0.456,8.671,0.350,1.200,-106.22314453125,-30.401,-41.905,-72.306
exploit,21.935,17.550,0.450,8.656,0.350,1.200,-106.32763671875,-28.605,-41.607,-70.212
exploit,21.835,17.550,0.348,8.694,0.350,1.200,-98.04248046875,-33.122,-41.424,-74.546
exploit,21.685,17.550,0.316,8.673,0.350,1.200,-99.25634765625,-1016.88,-1016.88,-2033.76
exploit,22.035,17.550,0.376,8.670,0.350,1.200,-98.833984375,-26.782,-42.182,-68.964
exploit,21.835,17.550,0.333,8.658,0.350,1.200,-99.185546875,-30.552,-40.451,-71.003
exploit,21.935,17.550,0.465,8.690,0.350,1.200,-106.79345703125,-29.194,-39.993,-69.187
exploit,21.785,17.550,0.328,8.714,0.350,1.200,-98.76171875,-29.376,-44.376,-73.752
exploit,22.035,17.550,0.350,8.705,0.350,1.200,-98.125,-28.237,-41.449,-69.686
exploit,22.135,17.550,0.328,8.722,0.350,1.200,-99.02392578125,-29.691,-40.691,-70.382
exploit,21.885,17.550,0.374,8.692,0.350,1.200,-98.33251953125,-30.479,-40.778,-71.257
exploit,22.085,17.550,0.259,8.772,0.350,1.200,-106.876953125,-29.325,-40.927,-70.252
exploit,21.785,17.550,0.335,8.689,0.350,1.200,-98.2529296875,-33.649,-41.444,-75.093
exploit,21.935,17.550,0.315,8.750,0.350,1.200,-101.09326171875,-28.214,-43.313,-71.527
exploit,21.935,17.550,0.294,8.714,0.350,1.200,-100.67431640625,-29.284,-44.195,-73.479
exploit,21.835,17.550,0.451,8.687,0.350,1.200,-104.9423828125,-27.974,-45.382,-73.356
exploit,21.685,17.550,0.373,8.684,0.350,1.200,-98.3701171875,-29.233,-40.832,-70.065
exploit,22.185,17.550,0.342,8.834,0.350,1.200,-110.16259765625,-31.288,-43.588,-74.876
exploit,21.985,17.550,0.490,8.673,0.350,1.200,-111.93017578125,-27.463,-42.747,-70.21
exploit,22.085,17.550,0.264,8.809,0.350,1.200,-109.86474609375,-30.256,-44.563,-74.819
exploit,21.985,17.550,0.434,8.630,0.350,1.200,-106.560546875,-27.888,-43.387,-71.275
exploit,21.935,17.550,0.279,8.740,0.350,1.200,-102.87158203125,-29.782,-41.686,-71.468
exploit,22.035,17.550,0.342,8.697,0.350,1.200,-98.111328125,-32.193,-41.507,-73.7
exploit,21.785,17.550,0.299,8.693,0.350,1.200,-100.0126953125,-31.379,-41.473,-72.852
exploit,21.935,17.550,0.323,8.694,0.350,1.200,-98.62890625,-29.703,-42.228,-71.931
exploit,21.935,17.550,0.437,8.734,0.350,1.200,-103.7080078125,-28.915,-42.111,-71.026
exploit,21.885,17.550,0.397,8.661,0.350,1.200,-100.267578125,-30.374,-40.771,-71.145
exploit,21.985,17.550,0.328,8.739,0.350,1.200,-99.84375,-27.301,-45.595,-72.896
exploit,22.035,17.550,0.339,8.682,0.350,1.200,-98.23828125,-28.54,-40.743,-69.283
exploit,22.135,17.550,0.277,8.740,0.350,1.200,-103.08642578125,-28.196,-42.301,-70.497
exploit,21.835,17.550,0.437,8.616,0.350,1.200,-108.63427734375,-30.912,-43.531,-74.443
exploit,21.885,17.550,0.338,8.697,0.350,1.200,-98.193359375,-29.736,-40.235,-69.971
exploit,21.985,17.550,0.437,8.672,0.350,1.200,-103.67138671875,-28.397,-41.095,-69.492
exploit,21.885,17.550,0.444,8.694,0.350,1.200,-103.85791015625,-28.725,-40.626,-69.351
exploit,21.985,17.550,0.513,8.560,0.350,1.200,-135.43310546875,-27.231,-40.534,-67.765
exploit,21.985,17.550,0.408,8.723,0.350,1.200,-100.6494140625,-29.188,-40.988,-70.176
exploit,21.885,17.550,0.460,8.681,0.350,1.200,-106.31103515625,-1017.04,-1017.04,-2034.09
exploit,22.135,17.550,0.315,8.698,0.350,1.200,-99.02783203125,-29.988,-41.403,-71.391
exploit,21.935,17.550,0.482,8.665,0.350,1.200,-110.95703125,-28.24,-40.96,-69.2
exploit,21.885,17.550,0.345,8.697,0.350,1.200,-98.06689453125,-31.784,-43.592,-75.376
exploit,21.635,17.550,0.460,8.661,0.350,1.200,-107.41796875,-31.254,-42.554,-73.808
exploit,21.785,17.550,0.335,8.687,0.350,1.200,-98.27783203125,-29.839,-41.137,-70.976
exploit,21.835,17.550,0.405,8.655,0.350,1.200,-101.2392578125,-30.48,-40.765,-71.245
exploit,21.985,17.550,0.425,8.671,0.350,1.200,-102.2587890625,-30.609,-41.108,-71.717
exploit,21.985,17.550,0.400,8.661,0.350,1.200,-100.47802734375,-31.199,-42.714,-73.913
exploit,21.885,17.550,0.350,8.687,0.350,1.200,-98.04736328125,-29.905,-39.906,-69.811
exploit,21.785,17.550,0.376,8.670,0.350,1.200,-98.8232421875,-30.492,-40.893,-71.385
exploit,21.785,17.550,0.393,8.682,0.350,1.200,-99.31298828125,-30.949,-40.847,-71.796
exploit,21.685,17.550,0.321,8.695,0.350,1.200,-98.755859375,-30.486,-41.589,-72.075
exploit,22.035,17.600,0.493,8.696,0.400,1.150,-116.265625,-28.959,-40.56,-69.519
exploit,21.885,17.550,0.348,8.698,0.350,1.200,-98.05615234375,-31.275,-41.278,-72.553
exploit,21.985,17.550,0.297,8.755,0.350,1.200,-102.359375,-28.296,-40.799,-69.095
exploit,21.935,17.550,0.357,8.710,0.350,1.200,-98.22998046875,-28.042,-40.644,-68.686
exploit,22.035,17.550,0.408,8.666,0.350,1.200,-100.85791015625,-28.455,-40.955,-69.41
exploit,21.885,17.550,0.401,8.639,0.350,1.200,-102.17529296875,-29.268,-41.467,-70.735
exploit,21.785,17.550,0.416,8.656,0.350,1.200,-102.23291015625,-1016.95,-1016.95,-2033.89
exploit,21.835,17.550,0.252,8.729,0.350,1.200,-105.3876953125,-29.325,-41.227,-70.552
exploit,22.185,17.550,0.341,8.818,0.350,1.200,-107.72021484375,-27.824,-43.903,-71.727
